[ 7.43763372e-02 -1.03496030e-01 -2.97814459e-01  1.48714185e-01
 -2.80028224e-01 -1.21699966e-01 -3.17637086e-01  2.21971869e-01
 -3.45380425e-01 -2.36318875e-02  4.80164066e-02  1.71161830e-01
 -6.64227158e-02 -7.26960525e-02  1.97312206e-01  2.24519125e-03
 -1.67540982e-01 -3.86473060e-01  1.56574264e-01  2.81779289e-01
 -1.33675084e-01  1.82403117e-01 -2.08778590e-01 -1.94135934e-01
 -9.31617841e-02  9.21124127e-03  9.05955434e-02  1.64532512e-01
  5.47679439e-02  3.14635843e-01  3.64831872e-02  3.67412388e-01
 -9.58791450e-02  3.31945926e-01 -1.81619506e-02  1.37654260e-01
  2.82539010e-01 -1.63133010e-01  1.03103342e-02 -1.46368474e-01
 -1.67053249e-02 -1.11398607e-01 -1.93137154e-01 -1.99157357e-01
  1.34091556e-01  3.78965843e-03 -6.34312928e-02 -1.15529120e-01
  2.85409510e-01  4.14637439e-02  1.58716962e-01  2.55384684e-01
  7.00790584e-02 -3.50685939e-02 -4.41038668e-01  2.50765592e-01
  4.14008468e-01  6.13149814e-02  1.05536208e-01  4.42115925e-02
  4.25375551e-02 -2.14769781e-01 -6.53021187e-02  1.23141102e-01
  2.57403225e-01 -5.15709519e-01  5.40664382e-02  9.55225006e-02
 -4.35639262e-01 -4.55286562e-01  1.44387698e-02  9.55953598e-02
  1.38551071e-01  2.70707220e-01  4.76857960e-01 -1.16704423e-02
  5.92165172e-01 -3.41346748e-02 -3.47501338e-01  7.84172639e-02
  1.77290723e-01  2.24707238e-02  5.91133013e-02  1.31882817e-01
 -1.09923817e-01 -1.50484517e-01 -1.45065367e-01  1.63984850e-01
  2.89264977e-01 -2.07931593e-01  1.40273869e-01 -2.94878066e-01
  3.32293287e-02 -3.26260515e-02  4.96277303e-01  2.28751227e-01
 -3.35894525e-01 -2.51827031e-01 -7.88871050e-02  9.39475223e-02
  8.66920725e-02 -1.68403178e-01 -3.08897823e-01 -8.48837942e-02
 -4.38170657e-02 -2.86957979e-01 -1.17541745e-01 -1.05348140e-01
 -1.65088952e-01  2.05926254e-01  8.19108337e-02  2.19886616e-01
 -3.31964046e-01 -3.77539545e-01 -1.22170419e-01 -5.86062968e-02
  6.09019339e-01  1.72172099e-01 -5.15992463e-01 -6.83221146e-02
  9.38416243e-01 -4.09123957e-01 -9.01708081e-02  3.06292117e-01
  4.67471510e-01 -2.71260828e-01 -3.81677896e-01  5.11158891e-02
  3.29926640e-01  6.59130290e-02  2.25706145e-01 -2.44911704e-02
  1.36624664e-01 -4.61858623e-02  3.93889174e-02 -5.96393645e-02
  2.17451289e-01 -1.76568538e-01  8.53085741e-02 -5.92591614e-02
 -1.04952760e-01 -9.51805338e-02  2.91033149e-01 -1.77700177e-01
  1.42517179e-01  8.62144902e-02  1.39842570e-01 -4.74774949e-02
  1.86142683e-01 -3.34206849e-01  5.89301765e-01 -3.68422568e-01
 -2.09979210e-02 -2.42343560e-01 -4.85357195e-02  2.52738923e-01
  1.75771400e-01 -3.83859366e-01  7.05677196e-02 -6.76004067e-02
 -6.15064539e-02  3.06491494e-01 -7.62092993e-02  2.18287498e-01
  1.43197134e-01  8.73482525e-02 -1.85286745e-01  1.24483258e-02
  3.16059530e-01  1.42125562e-01  1.45294592e-01 -1.36339441e-01
  4.28289473e-01 -4.84191895e-01 -3.03345561e-01  5.25906026e-01
 -2.32650578e-01 -3.50500077e-01  1.77901253e-01 -1.45792976e-01
 -4.02906612e-02 -3.64430010e-01 -1.24229956e-02  2.70608395e-01
  2.99317211e-01 -1.85702130e-01 -2.30814591e-01 -3.59850042e-02
  7.36494139e-02  1.94296062e-01 -8.43878463e-02 -3.40215236e-01
  4.20708418e-01  4.79132645e-02 -1.18658155e-01 -1.86532572e-01
  1.54094219e-01 -8.99641216e-02 -1.00242041e-01 -2.97349393e-01
 -3.14773530e-01  4.82338160e-01  8.70217159e-02 -1.72054648e-01
 -3.73347014e-01 -8.87475789e-01 -4.08946186e-01 -2.59852707e-01
  2.72370130e-01  1.66958153e-01  3.67738247e-01 -1.27420545e-01
 -3.02112460e-01  1.18830256e-01  8.80697370e-02  8.21979120e-02
 -4.56696481e-01 -5.63738227e-01 -1.35292307e-01  1.20806232e-01
 -4.75021489e-02  5.17506957e-01 -4.55808818e-01 -3.32878865e-02
  1.54793233e-01  2.84077138e-01 -2.46372312e-01 -2.29650736e-01
 -1.20030314e-01  3.82327549e-02  5.81836402e-02 -3.65787148e-02
 -2.05708623e-01 -2.63682336e-01  1.46480009e-01  2.00174019e-01
 -4.37754422e-01  2.92654932e-01 -1.90926284e-01 -8.63982737e-02
 -3.34944487e-01 -3.71545047e-01  5.87571144e-01 -3.69620509e-03
 -4.24118787e-01 -1.30953789e-01  9.59187821e-02 -2.47939989e-01
  3.05912822e-01 -3.41286540e-01 -1.42798364e-01 -3.62533659e-01
 -1.94958691e-02 -1.50823534e-01  3.73592734e-01  2.47957837e-02
 -3.81875634e-01 -3.54559794e-02 -3.71482193e-01  3.61507326e-01
 -1.33236080e-01  4.30066027e-02 -1.53576031e-01 -4.01225626e-01
 -2.74950862e-01 -1.36045411e-01 -4.23723817e-01 -2.63017297e-01
  2.14497074e-01 -3.19871247e-01 -2.25396082e-01 -1.92134753e-01
 -1.16335880e-02 -4.06076312e-02 -4.79874820e-01 -4.25064772e-01
  2.64662594e-01  4.28107232e-02  1.08404331e-01  3.29943389e-01
  7.09152955e-04 -1.81528643e-01 -9.73440260e-02 -2.85361171e-01
  1.23236515e-01 -1.00306280e-01 -2.70956457e-01  2.73960441e-01
  3.26662674e-03 -1.48099750e-01  8.66762623e-02 -1.09829448e-01
 -3.19456041e-01  3.56480442e-02 -1.22726664e-01 -4.99574184e-01
 -8.89449418e-02  3.45914453e-01  9.03728828e-02  1.28119662e-01]
[ 0.06354949  0.03254196 -0.01971738  0.19740298 -0.1114599  -0.37779713
  0.05958317 -0.29274538 -0.1372619   0.28408325 -0.26579612  0.35133892
  0.2761231  -0.33199167  0.07241305  0.19053347 -0.0974058   0.01578838
 -0.30872315  0.16128546  0.14984088 -0.07917716  0.1406393   0.0609706
 -0.19087863 -0.2582307  -0.39130804  0.3187684  -0.05817144  0.10829915
 -0.26650906  0.37605843 -0.37654385 -0.08949947 -0.17178729  0.23890013
 -0.35629168 -0.10431495 -0.18974087  0.44433743  0.16607586 -0.3866483
 -0.05945088 -0.39331254  0.08828791  0.49900222 -0.3302154  -0.09412646
  0.06709035 -0.11869286  0.4246183  -0.03811094 -0.15610756  0.16676374
 -0.5776214   0.05943507  0.27115536 -0.02124902  0.19272985  0.21588291
  0.10205147  0.15119341  0.27011147 -0.09558592  0.08350823  0.00869735
 -0.36735883  0.2551977  -0.12889507  0.24488892  0.07115228  0.17546049
  0.19137196 -0.26460606  0.01396039  0.02317742  0.10287939  0.18804348
 -0.19996382  0.26903853  0.04891945  0.3693502  -0.20395523 -0.48531973
 -0.307449    0.18255618 -0.41937485  0.07069051  0.3611648  -0.20712535
  0.26626387 -0.3578026  -0.31167254 -0.40710893  0.2936456   0.03248026
 -0.1271024  -0.4125707  -0.08157534 -0.13283034 -0.23586696 -0.13479283
  0.26252642  0.07814939  0.01137935  0.09343222 -0.01358185 -0.07113396
 -0.36101755 -0.16725029  0.11801978 -0.07228887  0.1976872   0.296245
 -0.186922   -0.140874    0.42153475  0.2017758  -0.30589482 -0.36828887
  0.5240037  -0.24905786  0.16250119 -0.03237263 -0.05876531 -0.26832482
  0.65612024  0.23564464  0.51177573  0.32647407  0.22384594  0.30663815
  0.01360213 -0.55718225 -0.05498289 -0.11091194 -0.26039067 -0.10169535
 -0.32822794  0.76264864  0.17906386  0.33833182  0.23827913  0.14190546
  0.04139725 -0.22294222 -0.01183744 -0.0253139  -0.16678353 -0.13644499
 -0.03944821  0.02985999 -0.46916607 -0.23130713 -0.2628314   0.4282042
  0.1795097  -0.659683   -0.1555987   0.09251787  0.30641156 -0.2524823
 -0.31841528 -0.01990856  0.40314513  0.13842516 -0.33785486  0.14539611
 -0.16082267 -0.23333798 -0.09330066 -0.33759913 -0.04065404 -0.11006794
 -0.3862308   0.56060904  0.25799435  0.3204064   0.5179574  -0.0181839
 -0.07586221 -0.67278343 -0.01420958  0.00738659  0.12854855 -0.3711354
  0.14802001  0.1107204   0.06506771 -0.16030858 -0.48978338 -0.13623638
  0.32206547  0.25808808 -0.2610233  -0.12034284  0.09781992  0.3600848
 -0.6665497  -0.36067444 -0.55012673  0.28671303 -0.14941172 -0.2880651
 -0.7559843  -0.3061591  -0.13155745  0.36214924  0.34095055 -0.3809608
  0.23197946 -0.22006425  0.17867358  0.33619574 -0.15988974 -0.13601325
 -0.15601647 -0.8571643  -0.2655474   0.09060187 -0.26566285 -0.09815897
 -0.3517624   0.5847128  -0.42252368  0.25213525  0.6728664   0.04618508
  0.08757231  0.04091534 -0.22267734 -0.4676115  -0.14403704 -0.31309998
 -0.14453033  0.10084387  0.17382315  0.14146301 -0.39970955 -0.1990333
 -0.15023799  0.02572548  0.44204572 -0.16463503 -0.31765133  0.05820299
  0.07022781 -0.14174694  0.01947362 -0.41460526 -0.08430666 -0.22366783
 -0.01160177 -0.21701564  0.0028462   0.07874032 -0.25954804 -0.3178876
  0.07699847  0.14137763  0.32739857 -0.06492623 -0.15756644 -0.49865115
 -0.31679934  0.04287428 -0.12238645  0.05831147 -0.11916077  0.00824558
 -0.45858786 -0.099988   -0.2111028   0.34280333 -0.39748943 -0.30139375
  0.6265357  -0.01586448 -0.27099916  0.12710908  0.03792113  0.5319908
  0.03908789 -0.09282276  0.30860162  0.08186983 -0.12365134  0.06209319
  0.05787261 -0.05968449 -0.03525519 -0.2928948  -0.255651    0.08391574
  0.00654189 -0.20616694 -0.14747064  0.45118618  0.17871007  0.04307536]
[-4.17770475e-01 -1.56655207e-01  1.90294772e-01  3.19937855e-01
 -2.03830406e-01  1.97948635e-01  5.99974617e-02  7.65682459e-02
 -5.38537093e-02 -1.94747880e-01  5.15725911e-01  2.72868514e-01
  1.42088339e-01 -9.00069848e-02 -3.06716245e-02 -1.02662317e-01
 -6.68152943e-02 -1.37060687e-01  9.38499570e-02  3.66359144e-01
  2.51627445e-01  3.70989382e-01 -2.18452122e-02  1.02263138e-01
 -2.08749190e-01 -4.01409566e-02  3.14858139e-01 -1.29401714e-01
 -6.82953298e-02  2.07266837e-01 -2.29007900e-01  3.06108475e-01
 -3.31041902e-01 -5.20856380e-02  1.83300346e-01  1.56041011e-01
  3.95306945e-01 -2.24389583e-01  3.67758363e-01  6.51832744e-02
 -4.85035405e-02 -1.56989843e-01 -4.06401642e-02  4.62891869e-02
  1.15634769e-01  6.27626628e-02  1.04447961e-01 -3.85009676e-01
  3.33331585e-01  1.93752721e-01  2.30375260e-01  1.23813391e-01
 -2.19762772e-01  8.06269199e-02  4.28596959e-02  2.97210604e-01
 -4.26546000e-02  3.18872817e-02  2.90458709e-01  6.51526928e-01
  3.58256668e-01 -3.28356266e-01  1.80111527e-01 -7.67577663e-02
 -1.72742933e-01  8.71055722e-02 -1.27224922e-01  1.93013236e-01
  1.18025959e-01  1.18808948e-01  1.76128801e-02 -2.98613548e-01
  2.58220196e-01 -6.33984685e-01 -2.11926013e-01  2.49725655e-01
  3.00004482e-01  6.39996946e-01  1.72837730e-02  9.98432636e-02
  8.83395041e-05  6.38567135e-02  2.10647985e-01  4.27260399e-01
  3.61397654e-01 -1.37459308e-01 -2.85945475e-01  3.52559805e-01
  3.02342713e-01  8.79665762e-02  1.58510357e-01  1.78010151e-01
 -4.83615100e-02 -4.37153466e-02  1.24917306e-01  9.10940766e-02
  8.54962841e-02  2.90264748e-02 -4.07701254e-01 -7.18116760e-03
  1.71275944e-01  2.95408666e-01 -4.34740484e-02  1.95577424e-02
 -1.26593783e-01 -1.05929375e-02 -5.99362105e-02  7.01584965e-02
 -2.86957085e-01 -3.55218537e-02 -4.72769439e-01 -3.42920199e-02
 -4.32283171e-02 -3.91183376e-01 -8.15725923e-02 -3.04178387e-01
  1.15989670e-01 -2.48299330e-01 -2.28821546e-01  1.57082424e-01
  1.56853795e-01 -4.61300313e-02  5.63601851e-02  3.15158695e-01
  2.27922857e-01  3.18235785e-01 -1.17573872e-01 -1.84979007e-01
  5.90290986e-02  5.04291832e-01 -1.89333037e-01  2.76747495e-01
  1.10439271e-01  8.99370536e-02  1.60751611e-01  2.72345901e-01
 -2.83546031e-01 -3.54561396e-02 -5.09783506e-01 -6.61621466e-02
  9.71279964e-02  1.53400779e-01  2.87434489e-01  1.21213719e-01
 -1.95488453e-01  3.54571879e-01 -3.56411219e-01 -5.41717291e-01
  5.32763362e-01  7.29147196e-02  2.13558510e-01 -2.38905877e-01
  2.66376406e-01 -3.49753350e-01 -1.09069556e-01  3.05695802e-01
 -7.22912028e-02 -2.47480616e-01 -4.55943942e-02 -2.72877544e-01
  3.86225358e-02  4.48597856e-02 -1.23864621e-01 -1.14779182e-01
 -1.59065537e-02 -3.38016897e-01 -3.02070022e-01 -5.86994886e-02
  6.09832883e-01 -1.42469198e-01 -2.56111532e-01  1.16924092e-01
 -5.08754365e-02 -4.73821014e-01 -2.37828016e-01  2.39766091e-01
 -1.40123293e-01 -9.76960268e-03 -1.61297321e-01  9.87643898e-02
  2.13189926e-02 -1.97692394e-01  1.92886591e-01  6.41675368e-02
  3.04491103e-01 -4.03926998e-01  1.13995619e-01  4.30907346e-02
  1.54872447e-01 -1.81421757e-01  3.57568294e-01 -9.67387408e-02
  4.28447694e-01 -2.93131662e-03 -2.96435505e-02 -2.44578600e-01
  1.18659317e-01  9.56436023e-02 -2.29001045e-02 -1.88790888e-01
 -4.36418736e-03  3.87643784e-01 -2.47543976e-01  2.27818102e-01
  1.09874450e-01 -5.31131864e-01  1.80194139e-01  6.12074248e-02
  1.42303869e-01 -4.12796915e-01  2.33784720e-01 -2.55597889e-01
  2.04894826e-01 -3.02028924e-01  2.68327873e-02 -1.26340345e-01
 -4.49770503e-02 -2.60754794e-01 -2.44691253e-01 -7.93264136e-02
 -4.09656614e-01  4.06221837e-01 -4.92665827e-01  4.72189367e-01
 -3.53865385e-01  4.69736643e-02 -4.77650642e-01  2.03437760e-01
 -3.82135928e-01 -1.36158541e-01  2.64199764e-01  1.58258975e-01
 -3.65371495e-01  5.34396097e-02  2.25374755e-02  4.04048525e-02
 -2.78689057e-01 -9.58427861e-02  8.73160735e-02  2.19555080e-01
 -2.38231838e-01  1.63632721e-01 -2.00524442e-02 -1.14008136e-01
 -1.43093418e-03 -4.06268649e-02  1.72940746e-01 -3.09760839e-01
 -2.98839509e-01  6.29358962e-02  1.91494673e-02 -6.18876100e-01
  3.44703376e-01  2.47369856e-02  4.11867708e-01  9.91489459e-03
 -9.22897086e-02 -2.94058006e-02  1.09645814e-01  1.22606777e-01
  6.38143942e-02  1.30379081e-01  3.09413169e-02 -4.00233418e-01
 -1.24659128e-01 -1.87076494e-01 -6.83973432e-02  2.49121517e-01
  2.70773709e-01 -3.44080418e-01 -1.62254393e-01  5.04114151e-01
  1.38295576e-01 -2.46826746e-02  2.79778242e-03 -4.53181833e-01
  3.68815064e-02 -5.19861653e-02 -4.12740320e-01  1.92737982e-01
  3.93010139e-01  3.07872921e-01 -2.68321298e-02 -1.48087755e-01
  2.30084404e-01 -1.62925422e-01  4.20559675e-01  2.19837278e-01
 -3.39270562e-01 -2.05991775e-01 -6.32697701e-01  4.11983319e-02
  7.56882429e-02  1.25619054e-01 -1.49342760e-01 -3.47488672e-01
  2.26097554e-01  3.99391741e-01  3.75403792e-01  2.40311742e-01]
[ 2.09486596e-02 -2.46732179e-02 -3.82061809e-01  4.60393578e-01
 -1.80773377e-01 -1.63887024e-01 -3.25630039e-01 -2.05559060e-01
 -3.31606716e-01  7.66872540e-02 -3.23912054e-01 -9.01372060e-02
 -3.01525116e-01  2.64696836e-01  2.54073799e-01 -2.19161749e-01
 -1.60336122e-01 -1.16514787e-01 -6.99032918e-02 -1.23747610e-01
  1.25611067e-01 -2.38044202e-01 -1.86464489e-01 -3.42769772e-01
  2.73098171e-01 -2.60611922e-01 -9.83370747e-03 -2.04916447e-02
  1.83006883e-01  1.77763810e-03 -2.61330269e-02  8.29078555e-02
 -4.70453531e-01  1.53628528e-01  2.45850965e-01 -4.38887089e-01
 -1.72527865e-01 -5.84867835e-01  3.83597612e-02 -4.13808078e-02
  3.97216976e-02 -2.87701547e-01 -2.03590721e-01  4.20748442e-02
  6.97588027e-02 -1.25324160e-01 -1.63033545e-01  2.14093059e-01
  1.38143850e-02 -9.30119380e-02  2.27431267e-01  4.66363609e-01
 -1.32979199e-01  1.21127531e-01 -2.74317324e-01 -1.64277125e-02
  2.96158850e-01  1.36416396e-02 -8.17128792e-02  1.29456803e-01
  2.95055538e-01 -6.82673007e-02  1.44599587e-01 -3.13943684e-01
 -2.29322225e-01  2.39621252e-01 -3.32578719e-01  5.35246804e-02
 -1.03064500e-01 -2.02835307e-01 -1.23454854e-01  1.26203567e-01
 -3.26697119e-02 -3.40698719e-01 -1.17230214e-01  1.55320549e-02
  3.81539583e-01  1.55633524e-01 -3.45395327e-01 -8.53484645e-02
  3.54215413e-01 -9.47569311e-02  5.56313470e-02 -1.79569110e-01
 -3.67482841e-01 -1.43571958e-01  1.39529060e-03  2.20638603e-01
  2.24098727e-01 -2.58940876e-01 -1.14151977e-01  1.44735485e-01
  1.64932653e-01 -6.82573318e-02  6.64408147e-01  3.19374651e-01
 -2.82116115e-01 -1.58908203e-01 -5.90578541e-02 -2.91646004e-01
  2.95045488e-02  3.93129513e-02 -2.91126221e-01 -6.66436553e-02
 -2.09301505e-02 -9.09895673e-02 -4.17277902e-01 -5.07246666e-02
 -5.10701947e-02  9.60814208e-03  1.48514897e-01 -4.60849285e-01
 -2.36788556e-01 -4.35453981e-01  3.55600297e-01 -5.60453057e-01
  1.08750500e-01  2.95339733e-01 -1.82766333e-01  1.58119112e-01
  2.98993886e-01  2.11526200e-01  1.62666023e-01 -5.71593642e-02
  1.26412630e-01  3.54694463e-02  1.50479347e-01  1.31091252e-01
  3.75632733e-01  1.97864190e-01  3.13109010e-01  2.25182027e-02
  2.00137377e-01  3.82110447e-01 -1.53591275e-01 -2.42401175e-02
  3.28025699e-01  5.66225871e-03 -1.62968770e-01  2.92741776e-01
  2.31165335e-01  2.08136782e-01  3.08024943e-01 -8.85268226e-02
  3.94252613e-02  2.17146967e-02 -2.82701720e-02  2.35148326e-01
  1.07990161e-01 -3.67160767e-01  3.90260279e-01 -4.17064935e-01
 -1.38329923e-01  4.43999134e-02 -9.87773538e-02 -8.69756937e-02
 -1.01023816e-01 -2.06062198e-01  8.52798671e-02 -2.24357307e-01
 -5.29366657e-02 -1.19906306e-01 -2.62386620e-01  3.81422974e-02
  2.88794905e-01 -4.15941663e-02 -1.60560474e-01 -1.60247415e-01
 -6.32855052e-04  2.12079078e-01 -5.41648865e-02 -1.77210018e-01
 -4.82282937e-02 -3.16686064e-01  1.19091168e-01  1.40901044e-01
  6.04073524e-01 -1.39802739e-01  5.68517506e-01 -6.19666398e-01
 -4.09910195e-02 -2.94005394e-01 -2.11572293e-02 -2.28767484e-01
  2.17154101e-01  1.85160682e-01 -9.63998735e-02  1.42573668e-02
 -2.51998663e-01  1.98889300e-01  1.78068236e-01 -2.68417329e-01
  4.62008238e-01  2.45390072e-01 -4.33101147e-01 -2.91914731e-01
  2.24837989e-01  1.46596313e-01 -1.88500091e-01 -3.43540758e-01
 -2.42645442e-01  4.47987884e-01  7.63273165e-02  2.85258770e-01
 -7.64797568e-01 -5.28679550e-01 -2.34546885e-01 -2.22423926e-01
  2.13920400e-01  9.95288137e-03  2.29972333e-01 -1.67750672e-01
  1.97642267e-01 -7.94043168e-02 -6.60995245e-02 -8.98446739e-02
 -1.53455496e-01 -5.46413481e-01  3.75903308e-01  1.34903908e-01
  7.50537887e-02  3.79507601e-01 -3.65154594e-01  1.30819872e-01
 -4.59384233e-01  3.29852909e-01 -3.53081226e-01 -8.67609307e-02
 -2.06372708e-01 -1.56930029e-01 -2.17288081e-02 -2.84036756e-01
  9.82831940e-02 -4.30536084e-03 -8.20057914e-02  1.06968679e-01
 -3.77649009e-01  5.25498152e-01  2.21796911e-02 -4.55146879e-01
 -4.97149788e-02  4.26527970e-02  6.20273113e-01 -1.72297224e-01
 -4.73373026e-01 -1.44113204e-04 -1.55519605e-01 -5.68173826e-02
  1.25160053e-01 -3.16700131e-01  3.29408944e-01 -6.12496018e-01
  7.36929998e-02  8.39854255e-02  1.89826995e-01  9.27862599e-02
  8.08200240e-02 -5.75961053e-01 -1.96377069e-01  1.67793706e-01
 -1.83079462e-03  2.50315100e-01  5.60541265e-02 -7.67375290e-01
 -1.75926581e-01  1.93099588e-01  3.03488642e-01 -2.12509558e-01
  1.61128670e-01 -2.85058171e-01 -1.78639159e-01  1.03063568e-01
  3.73477228e-02 -6.51957244e-02 -4.48390961e-01 -1.22019887e-01
  1.71531036e-01  2.36184567e-01  1.11068077e-01  2.65966449e-02
  2.22316578e-01 -7.09804222e-02 -2.67540008e-01 -2.04465002e-01
  2.04871014e-01  4.07040656e-01  6.62613884e-02  3.09190266e-02
 -8.70548636e-02 -2.38656655e-01 -3.49251926e-01 -1.40098318e-01
 -1.65692180e-01 -1.57795474e-02 -1.75711457e-02  1.40828062e-02
 -4.95240837e-01  4.11387384e-01 -2.80671753e-02  2.30605096e-01]
[-0.04053035  0.00127209 -0.23273368  0.08573771 -0.11247999  0.12513919
 -0.17920075 -0.25096118  0.23297054 -0.01433578  0.21495363 -0.17662093
 -0.16332112  0.06133678 -0.0187212  -0.25007722 -0.51830584  0.07390384
  0.13324565  0.1442625   0.30763584 -0.13658603 -0.13492738  0.09393963
 -0.14971308  0.16227563 -0.13970739 -0.14986981  0.249869    0.1288163
 -0.29070708 -0.10950603  0.02917202  0.17741114  0.14536804  0.31513998
  0.20844933 -0.06828541 -0.07482544  0.02154642  0.380539    0.08375254
 -0.31773835 -0.11675662  0.07223544 -0.05605341  0.10207969 -0.12108656
 -0.08437816  0.01538011 -0.0110816   0.02415387  0.12795898 -0.09333193
  0.13976254  0.12705685  0.16726339  0.3089456   0.5555951   0.25604162
 -0.14247781 -0.09787331 -0.01939575  0.2937314  -0.10027263 -0.40145802
 -0.3293399  -0.03425545  0.06010657 -0.12685812  0.16234028  0.21659844
  0.26541072 -0.16690832 -0.05169082 -0.08042406 -0.04444929  0.24521692
 -0.237013   -0.27658874  0.14788483 -0.18731847 -0.12813437 -0.06312205
 -0.35572287  0.32827553 -0.02163136 -0.08475547  0.08752658  0.06632522
 -0.04461065 -0.23234293 -0.1444687   0.02323338 -0.01345528  0.07737353
 -0.14696516 -0.14534709 -0.02949096 -0.14334397 -0.14334507 -0.22769782
 -0.31087297 -0.12764513  0.3396575  -0.11448552 -0.4432967   0.34043637
  0.06997859  0.1406152   0.22637467 -0.04618678  0.05564822  0.1817731
 -0.06503361 -0.15197936  0.01717804 -0.21648648 -0.030624    0.20545647
  0.29608852 -0.12433793  0.16976394  0.19293712 -0.0840498  -0.03647654
 -0.09451098  0.11310163 -0.10969813  0.6529434   0.12858061 -0.01509421
 -0.48314637  0.24185592 -0.15968597  0.14881544  0.35416806 -0.20150864
 -0.30917886  0.23740669  0.2875518   0.36545607  0.41202477 -0.00143037
  0.11440591  0.35558763  0.21094684 -0.39273062 -0.2717658  -0.27584407
  0.683317   -0.04915196 -0.11546507 -0.16471897  0.06287874  0.2388207
  0.1202081  -0.28686953  0.34649011 -0.09675213 -0.01785543  0.05643392
 -0.34880212 -0.03808035 -0.02760429  0.16062158 -0.15716997 -0.1242273
  0.45993966  0.01986564 -0.42165384 -0.29810312 -0.30384886  0.00420984
 -0.26022717 -0.18504062  0.3184022  -0.09741781 -0.02440699 -0.23819126
 -0.20047848  0.31588337  0.18685375 -0.21338563 -0.07935213 -0.10711256
  0.06579827  0.04020552  0.04190609 -0.07806513  0.14797084  0.02805656
  0.0759872  -0.11004925 -0.38313532 -0.3462534  -0.03646466 -0.03228429
 -0.37233418 -0.01058661 -0.15631881  0.0235638   0.23754175 -0.3932093
 -0.15800527 -0.2850575  -0.7793578  -0.23190303  0.27087408 -0.17895846
  0.39064178  0.09631589 -0.49983466 -0.40606695  0.10774419  0.02195941
 -0.20828614 -0.30368355  0.29375282  0.11247633 -0.08296459 -0.06284337
  0.0731904   0.08485224 -0.11811601 -0.21504311 -0.37491548 -0.37764704
  0.02449124 -0.13482983  0.08434732 -0.11920496  0.18157084  0.00985318
 -0.0767207  -0.0254562  -0.18593974 -0.16929062  0.1025443   0.08493728
  0.11335683 -0.10892571  0.09405515  0.2002256   0.01404062  0.14768685
  0.08606818 -0.3193906  -0.25340128 -0.16051553 -0.0775151  -0.02548728
 -0.3160801  -0.14192173  0.10318296 -0.14119366  0.50749856 -0.04694539
 -0.07041835 -0.02575354 -0.29115105  0.6606018   0.13296314 -0.30398035
 -0.25793216 -0.32346305 -0.32102278 -0.01765496  0.04495344 -0.22862695
 -0.516024   -0.46815944  0.25863394  0.5426738  -0.310116   -0.09360527
  0.88066864  0.28826094  0.15784022  0.42589238  0.4570118  -0.05048092
 -0.03421952  0.03975339  0.1055141   0.15117534  0.3434463  -0.12419524
 -0.24142303  0.21991494  0.06727949 -0.20182809 -0.12956113 -0.10382717
 -0.7857026  -0.43327624 -0.0251982   0.1517294   0.33012953  0.32872286]
[ 1.04043573e-01  2.00869694e-01  3.32086444e-01  1.41642407e-01
 -2.04485118e-01 -2.58909404e-01  2.08776191e-01 -3.61514956e-01
 -2.18920350e-01 -5.51665872e-02 -3.54655161e-02 -1.44411385e-01
 -1.28365621e-01  1.62319034e-01 -8.72000977e-02 -2.37198949e-01
  1.88664183e-01 -1.98355377e-01  3.43116552e-01  3.56101006e-01
 -5.18855572e-01 -6.07283413e-02 -1.92025930e-01 -2.92425513e-01
  1.18779816e-01 -2.37431213e-01 -6.18218817e-02 -1.00098185e-01
  1.61883421e-02  1.92028448e-01 -5.20872891e-01  5.01931369e-01
  6.70058280e-02 -2.39356253e-02 -5.87716475e-02  2.43703216e-01
  1.42137870e-01 -2.27847368e-01  1.45417690e-01  3.67548287e-01
  3.40380780e-02 -2.72900909e-01 -2.95569986e-01  6.64492100e-02
  2.51612067e-01  5.09751916e-01  6.34082556e-02 -5.64437330e-01
  4.30880368e-01  2.25841254e-01  6.09860897e-01 -1.57647654e-01
  1.70284882e-01 -5.42393625e-02 -2.21335053e-01  4.57642317e-01
 -2.94225067e-01  4.79238741e-02  5.25719300e-02  2.56484658e-01
  7.83423409e-02 -1.65129021e-01  1.49313986e-01 -1.44526422e-01
 -4.39036936e-01 -1.21896513e-01 -2.40884900e-01 -2.53771007e-01
 -4.14864533e-03  3.00861716e-01 -2.91064650e-01  3.67427647e-01
  5.08035898e-01  2.62029856e-01 -2.37864733e-01  1.33070484e-01
  4.73703854e-02  2.27969855e-01 -3.64738852e-01  3.67987603e-02
  2.86702365e-01  4.88754697e-02 -7.28386223e-01 -3.08351666e-01
  1.73968002e-01 -1.88560233e-01 -1.27312526e-01 -1.30393967e-01
  7.76568521e-03 -6.64848268e-01  6.50588125e-02 -3.18756342e-01
  1.05864182e-01  3.04794699e-01  2.94469774e-01  4.42542369e-03
  1.48608446e-01 -2.46603429e-01  6.37777196e-03 -3.59883271e-02
 -3.55691761e-01  4.18950506e-02  3.85720074e-01 -3.64619076e-01
 -2.08821651e-02  5.42958155e-02 -4.07197550e-02  2.08501115e-01
 -1.33456038e-02  5.23700893e-01 -1.45876095e-01 -7.14942068e-02
 -3.04365605e-01 -2.12592572e-01 -1.50619686e-01 -3.59582037e-01
  6.59401715e-01  1.54177383e-01 -4.38783526e-01 -2.27146998e-01
  6.63087726e-01  1.80710256e-01 -3.23528573e-02  1.21433921e-01
  3.08466107e-01 -4.20564026e-01 -8.87447298e-02 -2.78575301e-01
  3.86170745e-01  2.79463172e-01 -4.04415503e-02  4.43119943e-01
  1.51799038e-01  4.69251573e-01 -7.42042959e-02 -2.02001911e-02
  1.89732566e-01 -3.10321003e-01  3.93325351e-02  4.13898766e-01
 -1.77311853e-01  2.21597254e-01  3.41342032e-01 -1.53200358e-01
  2.81128258e-01 -2.70436883e-01  1.25467107e-01 -3.36531043e-01
 -1.38413142e-02  9.48456302e-02 -1.74793914e-01 -4.51435894e-01
 -3.09377331e-02 -4.46355045e-01 -1.42272025e-01  1.76659837e-01
 -9.22486857e-02 -3.35265338e-01 -4.54094052e-01  2.34619439e-01
  9.39499885e-02 -2.47292221e-01 -4.31171447e-01  3.88252795e-01
  6.48587942e-01 -2.79747576e-01 -3.04040372e-01  1.92698583e-01
  1.11437038e-01 -1.34840429e-01  1.28881022e-01 -1.35550909e-02
 -4.94756579e-01 -1.04862880e-02  3.88231874e-02  4.67131048e-01
  4.01145130e-01 -1.14728115e-01  6.58616245e-01 -1.46387726e-01
  1.22705229e-01 -2.01169804e-01 -4.56031084e-01 -9.15630609e-02
 -3.34806323e-01 -4.94003668e-02 -3.81021827e-01 -4.09624755e-01
  5.45655131e-01  6.99969083e-02  1.08224452e-01  9.79093537e-02
 -2.51940221e-01  1.11545719e-01 -1.98735937e-01 -2.21295744e-01
  6.05770275e-02  1.07242204e-01 -3.76824528e-01  1.60929747e-02
 -3.74285370e-01  3.77138823e-01 -2.02087507e-01 -2.03223720e-01
 -2.87279785e-01 -2.25688115e-01 -2.63729811e-01  2.12702110e-01
  6.32522285e-01 -2.35161614e-02  3.28908153e-02 -1.29936486e-01
 -6.03622720e-02 -2.91698396e-01 -2.40378261e-01 -3.35467570e-02
 -2.78806508e-01 -7.28223681e-01 -5.11816586e-04 -3.78760070e-01
  9.22066495e-02  8.37188121e-03 -3.87290090e-01 -1.71553083e-02
  3.16141337e-01 -3.08280706e-01  2.14241222e-01  5.32724440e-01
 -1.86670974e-01  2.26155013e-01 -4.03223559e-02 -3.01382393e-01
  8.38759467e-02 -2.54784733e-01 -1.16507500e-01  2.00243577e-01
  2.72667140e-01  1.48226619e-01 -1.09002747e-01  5.73423982e-01
  1.59937590e-01  7.16881454e-02 -1.01905383e-01 -1.53061777e-01
 -4.80466306e-01  3.29645336e-01 -1.36824474e-01 -1.56422481e-01
 -1.49478972e-01 -4.13635105e-01  2.78057665e-01  4.61136475e-02
  6.48596883e-02 -3.57808501e-01  2.32290104e-01 -3.66413265e-01
  2.44980231e-01 -3.49040717e-01 -3.07988618e-02 -2.61590123e-01
  3.10366869e-01 -2.54699200e-01  5.58447689e-02 -2.04698876e-01
 -5.54179966e-01 -1.82990894e-01  5.02232350e-02 -2.12268978e-01
 -1.12783872e-01  1.87467307e-01 -2.07886368e-01  1.86275356e-02
 -3.49385291e-01  2.74451911e-01 -1.86607182e-01 -5.85404217e-01
  3.35059017e-01  3.52375954e-01 -9.35637802e-02 -2.47802734e-01
 -4.06981893e-02  3.43514711e-01  1.72212273e-01  1.72440410e-02
 -2.59982079e-01  4.53528911e-01  1.68915149e-02 -2.26125732e-01
 -3.70212406e-01  1.39805466e-01  5.55578887e-01 -5.14438674e-02
 -7.76043683e-02 -2.23831192e-01  3.35039347e-01  3.11410446e-02
 -1.51357383e-01  3.48454773e-01 -7.09765181e-02  1.73167199e-01]
[-9.22712982e-02 -1.48548767e-01 -1.46962479e-01  1.30003057e-02
 -4.03052717e-01 -3.10041279e-01  1.02204747e-01 -4.20874983e-01
 -2.29479849e-01  1.28527850e-01 -3.48864257e-01  7.25449324e-02
  8.13164935e-02 -1.32730812e-01 -1.16569372e-02  1.80243194e-01
 -1.49014577e-01 -9.03132334e-02 -1.25946328e-01  3.50547165e-01
 -9.46965069e-02 -9.43391174e-02 -4.75086927e-01 -3.73837441e-01
  6.36105910e-02  5.61178625e-02 -3.26373875e-01  2.23240495e-01
 -2.29204789e-01  2.41785899e-01  1.70669053e-02  2.49059871e-01
 -2.05831155e-01  1.41830087e-01 -2.03409389e-01  1.81924284e-01
 -2.21863776e-01 -1.00489229e-01  2.93502398e-02  3.94310281e-02
 -3.95922005e-01 -2.73364395e-01 -2.75341626e-02 -1.49032354e-01
  4.46464568e-02  2.91096032e-01 -6.55903071e-02 -2.11115420e-01
  5.19284368e-01 -1.43500298e-01  9.63686556e-02 -1.64165497e-01
  1.16134509e-01  1.61934093e-01 -1.56145677e-01  3.84705067e-02
  3.39753687e-01  6.02471471e-01  1.88313782e-01  2.65096605e-01
  2.18315482e-01 -4.85559041e-03  2.97341764e-01  5.73628321e-02
 -2.39421070e-01 -2.16516137e-01 -3.09599012e-01  1.99254587e-01
  2.30667472e-01 -1.37087747e-01 -2.80479431e-01  3.15343469e-01
  1.38130814e-01 -2.48409197e-01  2.90201828e-02  1.23138636e-01
 -1.31543472e-01  3.30969244e-01 -3.52161340e-02  3.59457672e-01
  1.11132629e-01  1.92199320e-01 -3.70317161e-01 -2.18478650e-01
 -2.88874716e-01  7.44911432e-02 -1.44676507e-01 -2.19755113e-01
  2.90482134e-01  1.16651400e-03  2.39405478e-03 -1.79782674e-01
 -1.33474976e-01  1.76136196e-01  2.56827474e-01 -2.44799420e-01
 -2.01795250e-01  1.58220604e-02 -1.84013084e-01 -3.39545935e-01
 -2.57070065e-01 -2.93376505e-01 -5.02841827e-03 -1.95088431e-01
  3.01347733e-01  7.12466286e-03 -6.73630461e-02 -1.19757116e-01
 -6.36574924e-02  3.95233542e-01  1.26080498e-01  2.17583254e-01
 -4.18536812e-01 -1.21856034e-01  3.59696478e-01 -3.43731418e-02
  3.83121222e-01  1.25628203e-01 -4.16367680e-01 -1.49251729e-01
  4.21000332e-01  8.78002867e-02  4.48528826e-01  7.09077716e-02
  1.52265400e-01  1.02437399e-01  2.73759663e-01 -3.66101488e-02
  5.63220859e-01  3.11235905e-01  2.31285334e-01 -2.56231870e-04
  9.77506489e-02  1.81815878e-01 -1.42222822e-01  2.53338993e-01
 -7.64188319e-02  1.47098929e-01 -3.19328398e-01  2.14266926e-01
 -4.47347872e-02  1.80249080e-01  1.31850839e-01  9.55565497e-02
  3.20033908e-01  2.95140464e-02 -7.57004544e-02 -1.18720658e-01
 -5.05924225e-03  7.99758136e-02  2.49983549e-01  1.00693159e-01
 -9.28628966e-02 -1.33862793e-01  3.85695719e-03  2.24835083e-01
 -1.10856846e-01 -7.52895534e-01 -1.51017368e-01 -2.52016693e-01
  1.21127613e-01 -5.80522828e-02 -4.27512825e-01  1.44190907e-01
  1.49542913e-01 -6.60178289e-02 -3.09666038e-01  2.67183244e-01
  3.51412714e-01 -5.88318519e-02  2.28674114e-01 -2.16406256e-01
 -3.19986641e-01 -1.72328815e-01 -3.91966283e-01  2.73594528e-01
  1.34707063e-01  3.33845019e-01  1.48070619e-01 -2.87035435e-01
 -1.02276221e-01 -3.07556301e-01 -1.14378646e-01 -1.23070158e-01
 -5.15376851e-02  7.21521154e-02  7.87969381e-02  2.67153010e-02
  2.88721770e-01 -1.80681780e-01 -1.36719957e-01 -2.12156065e-02
  4.12641138e-01  3.90308648e-01 -8.31004083e-02 -1.97144896e-01
  1.58152878e-01  8.59907493e-02  2.89888051e-03 -2.12370053e-01
  5.32191321e-02  2.51888394e-01  2.37131163e-01 -1.87218741e-01
 -3.07144046e-01 -3.25752616e-01 -2.50975281e-01 -3.77882570e-01
  4.55592215e-01 -1.96052998e-01  4.87769276e-01 -1.77148934e-02
 -3.14567626e-01  5.68569005e-02 -2.80572116e-01  2.59091228e-01
 -5.45170426e-01 -4.70308363e-01  8.84991437e-02  9.75097120e-02
 -1.33514911e-01  3.07366475e-02 -4.81723063e-02  3.09185386e-01
 -1.28302798e-01  1.06766179e-01  1.67565882e-01  1.60615012e-01
 -4.37835567e-02  5.03704920e-02 -2.34072447e-01 -4.68638033e-01
  1.14782169e-01 -3.09419066e-01 -3.29566658e-01 -4.33808230e-02
 -4.26458865e-02  3.37292075e-01 -1.15648873e-01  3.93079873e-03
  2.24473283e-01 -1.08120106e-02  4.15744931e-01  3.52573097e-01
 -1.99722558e-01  3.37208509e-02 -1.42655581e-01 -4.97074634e-01
  1.08866699e-01 -2.73521990e-01 -1.02149591e-01 -2.15941966e-01
 -4.43972588e-01 -2.53976107e-01  2.34330565e-01 -3.56251270e-01
  9.24679711e-02 -5.31189203e-01 -9.54382941e-02  2.74163961e-01
  3.59041318e-02 -1.81393206e-01 -5.65353371e-02 -4.23804253e-01
 -3.45441222e-01 -5.96676581e-03 -3.21024597e-01 -2.13792473e-01
  2.54753888e-01 -8.90611932e-02 -5.05951166e-01 -3.75083461e-02
 -6.82229688e-03  1.52433440e-01 -5.80013871e-01 -5.32941461e-01
  6.11338653e-02  4.39952463e-01  1.87504455e-01  6.22417107e-02
  1.06162757e-01  1.63113400e-02  1.38474733e-01 -6.49912357e-02
  4.33181167e-01  3.78012300e-01  7.47576207e-02 -3.89634259e-02
 -1.35706931e-01 -5.02876416e-02  9.63524804e-02  3.13283019e-02
  3.18184108e-01 -1.88175350e-01  1.49975240e-01 -1.81618243e-01
 -3.55640501e-01  2.82449543e-01 -1.85574070e-01 -6.08841181e-02]
[-0.13819392  0.14029291 -0.32621032  0.11623792 -0.1980643   0.4552565
  0.21281572 -0.51255745  0.0336566   0.15428555  0.15162133 -0.00295726
  0.19644411 -0.17595671  0.28146827 -0.0914124   0.07636018 -0.43859148
  0.19801453  0.28138858  0.00986457  0.51561946 -0.4169315   0.107765
  0.35226902  0.02438286 -0.07437861  0.26591426  0.33723336  0.47339296
  0.26983887  0.23393837  0.11666026 -0.22180694  0.18745512 -0.10134988
 -0.0649219  -0.04267669  0.06377231 -0.02775206 -0.11038709 -0.2615391
 -0.22352734 -0.03696198  0.12764703  0.51871455 -0.08197235 -0.39103428
  0.16349477 -0.29407945  0.09291534 -0.05959791 -0.09227622 -0.3492476
  0.31540602  0.37775525  0.00948931 -0.42357704  0.07534826  0.19262923
  0.20816262 -0.47312167  0.09375169  0.21432368 -0.06130653 -0.37749517
  0.12458047 -0.02828793 -0.12737834  0.04716441 -0.05137679 -0.34660932
  0.24864449 -0.4121517  -0.39385936  0.02690473 -0.16849175  0.34930784
 -0.37351146  0.11903299 -0.0685785   0.01246761  0.18879618  0.36910078
  0.35853723  0.11405218 -0.16631988  0.04720937  0.24109551  0.06305768
  0.12128893 -0.19446352  0.34581473  0.14375469  0.1072227   0.15281707
 -0.27861902 -0.25030702 -0.2584188   0.04945624  0.17653935  0.08437624
 -0.24789335  0.12528026  0.04081754 -0.23331758  0.21916474  0.00742056
  0.25913197 -0.19498572  0.2046905  -0.02988364 -0.31735218 -0.05220521
  0.04786579 -0.15472007  0.09532478 -0.19528171  0.15134831 -0.13524349
 -0.04055757 -0.14008453  0.05160567  0.24009386  0.15521783  0.12882015
  0.5193324   0.0281304   0.31076166  0.49045992 -0.29580933  0.14853889
 -0.25400004  0.3076097   0.02703457 -0.10624833  0.14662057 -0.16817392
 -0.4412376   0.3077641   0.10012646  0.09548911  0.19841887  0.10874195
 -0.07159156  0.14574973 -0.00676812 -0.19304092 -0.01869984  0.28813446
 -0.13184075 -0.26387554 -0.4516981  -0.13050365  0.14559314  0.08892854
  0.2564804  -0.11048342 -0.01424582  0.29999277  0.12600484  0.03216527
 -0.28103605  0.16330478  0.11995326 -0.20675558 -0.15450412 -0.23289385
  0.10893379  0.135575   -0.05545795 -0.4974223  -0.1264665  -0.08594971
  0.16606389 -0.02708587 -0.08355107 -0.36654887  0.04824749 -0.2072065
 -0.17769769 -0.28471494  0.4860885  -0.3194704  -0.06295295 -0.01011576
  0.03871655 -0.06738137  0.04520524  0.4366316  -0.00847036 -0.35776967
 -0.04221136  0.3474769  -0.3500599  -0.5109657  -0.45637336 -0.31961212
 -0.76237816 -0.16869323  0.11670239  0.0957056   0.10855816  0.03731959
  0.01551192 -0.6552746  -0.01215793 -0.60952187 -0.21598916 -0.26515397
  0.19934669 -0.2371219   0.19560985 -0.1277715   0.23011138 -0.08497129
  0.35430875 -0.02081398 -0.22623834 -0.14006859 -0.07154336 -0.21258709
 -0.5368824   0.24775745 -0.1349592  -0.08700789 -0.14576152 -0.02554639
  0.14817755  0.24050406  0.13466784  0.2550316  -0.04786737 -0.04401616
  0.05130646  0.36853656 -0.24258107  0.16637705 -0.06702887  0.2832371
 -0.07440129  0.42498323  0.30606103  0.3362507  -0.02273107  0.01361983
 -0.23894866  0.25477618 -0.2121593   0.53797966  0.11896158 -0.2788124
 -0.5238857   0.2650449   0.11863996 -0.24554422  0.20203482 -0.07815731
  0.2988278  -0.23010714 -0.01877531  0.04639764  0.06863819 -0.22223064
 -0.40365627 -0.04469901  0.0798467   0.02803299  0.06943425 -0.08239957
 -0.2031088  -0.07374978  0.38141736 -0.41378558  0.01684751 -0.5996526
 -0.01587857 -0.25763837  0.36564103  0.26507208  0.36240008  0.07428716
  0.32371843  0.14593598  0.40074623  0.08117674  0.02612315  0.20560963
 -0.44548395 -0.14114164  0.15185434 -0.32703     0.1026869  -0.05330935
 -0.06897452 -0.00661643 -0.06673755  0.27319086  0.52003473 -0.00872137]
[ 2.35535577e-01 -5.35586238e-01 -6.39122427e-02  3.04846972e-01
 -2.08252504e-01 -1.32909879e-01  1.59148440e-01 -1.34465262e-01
 -2.23216727e-01  1.17411412e-01  1.07730754e-01  1.71452463e-01
 -3.20995264e-02 -3.82584110e-02  2.67643183e-01 -6.89887583e-01
  1.98741227e-01 -1.42867833e-01 -3.05104285e-01  7.68400192e-01
 -2.22390875e-01 -4.12043557e-02 -3.13048482e-01  2.14081779e-02
 -4.39455584e-02 -2.27201730e-01  1.16406670e-02 -9.97288376e-02
 -2.00190604e-01  1.12119481e-01  1.13415822e-01  1.35021657e-01
  2.46970013e-01 -2.17397854e-01  6.52102660e-03 -1.48186266e-01
  3.14872801e-01 -2.48391613e-01  4.95108478e-02 -1.05198233e-04
 -3.64151336e-02  6.30441755e-02 -5.47852159e-01 -1.10870905e-01
  3.47477615e-01 -1.39084399e-01 -4.55392212e-01 -3.28530937e-01
 -7.49547333e-02 -1.87348858e-01  2.22537681e-01 -2.80909151e-01
 -1.71712801e-01 -3.33366096e-01  1.32340506e-01 -4.07647222e-01
  1.55357346e-01  2.56130666e-01  4.08993393e-01  4.01089162e-01
  2.49555811e-01 -2.82517970e-01 -7.81460777e-02 -2.48541847e-01
  5.49799837e-02  9.50809345e-02  5.81220798e-02 -1.94962293e-01
  9.45126116e-02 -1.44582704e-01 -3.98486644e-01  5.11680208e-02
  4.84017193e-01  1.99442104e-01  3.33064608e-02 -1.80299580e-01
 -7.29977265e-02  1.55828089e-01 -3.74462605e-01  8.46759155e-02
  3.40956837e-01  9.50566828e-02 -1.17075451e-01 -3.15321475e-01
 -1.31551504e-01 -1.01184197e-01  2.88208313e-02 -1.24368817e-02
 -4.32605565e-01  1.80993691e-01  5.20708621e-01 -1.22625828e-01
  3.34689468e-01 -3.14752638e-01 -1.39697874e-02  2.77021766e-01
  1.22985482e-01 -1.94430307e-01 -3.75117749e-01 -2.44326115e-01
 -1.33842364e-01 -4.05318588e-02  4.45675164e-01 -1.93554416e-01
  2.18891442e-01  1.05036110e-01  9.99672785e-02  3.95175308e-01
  7.94662982e-02 -1.09434083e-01  2.37726659e-01 -4.41404164e-01
 -1.08267844e-01 -9.60384682e-02 -4.59852517e-02 -6.12259582e-02
 -2.04667345e-01  3.21991175e-01  1.27358124e-01  5.21218255e-02
 -3.41861516e-01  1.52210677e-02  2.86179911e-02  1.57299846e-01
  1.11377537e-01  2.77340204e-01  6.67635649e-02  4.03699368e-01
  1.81179762e-01  1.64362326e-01  1.35484993e-01  7.80267790e-02
 -2.28449389e-01 -2.28753258e-02  3.35880339e-01 -1.98185205e-01
  1.23454541e-01  1.05698556e-01 -7.79340863e-02  2.83753216e-01
 -1.95846567e-03  3.10511202e-01 -7.47993030e-03 -6.39401376e-02
  1.20980404e-01  2.66745329e-01 -3.67383659e-02 -5.03640652e-01
 -2.24274397e-01  1.12928636e-01  2.83184946e-01  5.42027876e-02
  2.12616809e-02  1.58101350e-01 -3.55119169e-01  3.36430788e-01
 -1.51510939e-01  2.10587680e-02  5.52023062e-03  1.40823647e-01
  3.58024031e-01  7.71979392e-01 -1.83829799e-01  3.83076191e-01
  4.69081461e-01  3.39642614e-01 -1.23598091e-01  1.78265899e-01
  9.77412090e-02 -4.17600900e-01  5.05422801e-02 -3.88139367e-01
 -4.00649101e-01  1.35387257e-01 -5.21714211e-01  6.23269975e-02
  2.15879291e-01  2.04623640e-01  7.92413056e-02 -3.50554585e-01
  1.61217794e-01  1.84496641e-01 -3.09822291e-01 -5.60953580e-02
  1.03105888e-01  3.16459090e-01  8.22422504e-02 -4.24193544e-03
 -1.11960575e-01  2.74081584e-02 -1.63948357e-01  1.16632052e-01
  1.82956710e-01 -8.64065588e-02 -4.59425628e-01  2.36589294e-02
 -2.07119867e-01 -3.49720210e-01 -4.21848267e-01  6.45456687e-02
  1.58081844e-01  2.10020557e-01 -3.89530480e-01 -2.21520752e-01
 -3.08142811e-01 -4.90144610e-01 -4.89526629e-01 -4.54092950e-01
  2.75641493e-02 -2.87659556e-01  4.91180509e-01 -2.17147857e-01
 -3.79385203e-02  4.42995690e-02 -3.12002786e-02  2.10740358e-01
  5.01291901e-02 -1.00563549e-01  3.67975861e-01  2.81079710e-02
 -2.22705379e-01  3.53204548e-01 -5.02115428e-01  3.83479565e-01
 -4.90325838e-01  5.64682186e-02 -7.29350820e-02 -1.12948492e-01
 -6.67606965e-02 -6.65942878e-02  4.29705381e-01  2.40171373e-01
  3.39672491e-02  7.72135183e-02 -8.49193335e-02  1.76361695e-01
 -1.34756807e-02  2.11922854e-01 -2.99884439e-01  2.88584560e-01
 -1.88475624e-01  3.77815366e-01 -1.18707396e-01 -1.34008765e-01
 -2.67285444e-02  2.34137103e-01  1.44478902e-01 -4.66143161e-01
 -3.06186695e-02  3.79493684e-02  3.29031378e-01 -8.34063962e-02
  7.81186449e-04 -8.74393806e-02 -2.63931125e-01 -4.79132384e-02
 -7.03512371e-01  1.32902622e-01 -3.89963776e-01  2.69706734e-02
 -3.92846018e-01  5.60714900e-02  2.35711318e-02 -2.97126085e-01
  1.03311120e-02  6.63202927e-02  3.11469764e-01 -2.10534513e-01
  1.14189036e-01  3.39329243e-01 -2.27709249e-01 -3.03870052e-01
  2.05645666e-01  4.32794839e-02 -1.04850702e-01 -2.09678575e-01
  1.88765153e-01  4.33750361e-01 -2.84379959e-01 -2.28591993e-01
 -8.36718231e-02  3.34337264e-01  4.34678942e-02  1.81990609e-01
  2.01575667e-01  3.11448798e-02  3.59316282e-02  8.29351470e-02
  1.88123360e-01  1.30084947e-01  2.21475989e-01 -1.31745681e-01
  3.04584384e-01  7.62285739e-02 -2.80709028e-01 -1.94381908e-01
  5.00600561e-02 -1.15203090e-01  2.95286566e-01 -1.29931360e-01]
[-4.63497825e-02 -5.09553514e-02 -3.79725009e-01  2.24890381e-01
  7.20131397e-02  2.54909933e-01 -1.26072809e-01 -5.29733241e-01
  2.11431056e-01  1.43682752e-02  9.88633856e-02  2.34427631e-01
  1.09942704e-01 -2.48925254e-01  9.84060541e-02 -3.04418296e-01
  1.27953514e-01 -1.97558291e-02  2.65395731e-01  2.76796132e-01
  1.71580851e-01 -1.38153240e-01 -3.04679811e-01 -1.42093793e-01
 -3.55738133e-01  2.23399669e-01 -5.17881989e-01 -1.95663005e-01
 -1.37512907e-02 -4.88623306e-02  3.37490916e-01  5.01235425e-01
 -3.49122792e-01 -1.44664139e-01  1.92363396e-01  1.32263720e-01
 -4.42152806e-02 -2.02898115e-01  1.02359183e-01 -6.80928584e-03
  2.73633808e-01 -1.51898828e-03 -1.75595567e-01 -9.04407650e-02
 -2.79252883e-02  1.75218031e-01  2.35644847e-01 -3.14156592e-01
 -1.88607484e-01  2.11147487e-01  3.57696623e-01  8.32950696e-02
 -4.42824215e-02 -2.34721497e-01 -7.06022978e-02  1.66494295e-01
  4.50775236e-01 -9.00916532e-02  1.95756376e-01 -2.95181926e-02
  3.60894710e-01 -2.09603563e-01  1.86465785e-01  1.50737077e-01
  6.90392479e-02 -2.55454600e-01  1.11806646e-01  1.34631976e-01
  2.13417590e-01 -1.22869343e-01  5.33400550e-02 -1.17834471e-01
  5.29038131e-01 -3.19034487e-01  4.94516008e-02 -2.95330465e-01
  5.78692436e-01  3.71306300e-01 -3.33721459e-01 -2.36739948e-01
  1.43202040e-02 -4.67018515e-01 -3.17796141e-01  4.14665928e-03
 -1.36188567e-01  5.55283666e-01 -6.84044063e-02  4.33627635e-01
  5.46120882e-01  1.74962118e-01  1.16118647e-01 -7.28558451e-02
  9.03488919e-02 -8.39618221e-02 -1.72450885e-01  4.56090868e-01
 -9.24736783e-02 -5.14270328e-02 -5.01486242e-01  2.54526466e-01
 -2.41149470e-01 -6.22618832e-02 -1.65836141e-01  7.85199255e-02
 -1.76412597e-01  2.92598873e-01  3.27913351e-02  3.50556463e-01
 -2.76431963e-02 -1.04072817e-01 -1.65015608e-01 -3.90932932e-02
 -2.92248189e-01  1.52136773e-01 -2.50582695e-01 -1.00853192e-02
  4.10686702e-01 -4.43983451e-02  4.04927999e-01  1.51187241e-01
  3.14712405e-01 -2.06815913e-01  3.15360695e-01  4.53933269e-01
 -3.69795933e-02 -5.64297587e-02  4.56981827e-03 -3.61798197e-01
  4.74208081e-03  3.32254112e-01 -2.36753970e-01  2.11484343e-01
 -2.54649706e-02  7.22374976e-01 -2.46150300e-01 -1.49776429e-01
 -2.43901871e-02 -1.15728334e-01 -1.55995533e-01  2.11007878e-01
 -2.69615233e-01  4.95268703e-01 -4.91358573e-03  2.14228466e-01
 -4.24268506e-02  5.37226617e-01 -3.52177590e-01  6.92827255e-02
  1.53057680e-01  6.21382117e-01  1.07136159e-03 -1.22207977e-01
 -5.23283258e-02 -1.01960458e-01 -2.54564852e-01  2.31058355e-02
  1.10478997e-01 -4.95958552e-02  2.73757786e-01 -3.06379378e-01
 -2.35406891e-01  1.48397595e-01 -9.78313237e-02 -6.25618398e-02
 -2.33966894e-02 -2.33430117e-01 -5.32926507e-02  2.83410698e-01
  4.06457514e-01 -8.31913054e-02 -2.34489962e-01 -3.09940517e-01
 -3.49436015e-01 -6.62249625e-02 -2.01929107e-01  2.12091990e-02
 -4.59813982e-01 -1.59482926e-01 -8.33125487e-02 -1.00370459e-01
  5.91844022e-02 -4.68756735e-01  7.56979361e-02 -5.92411198e-02
  1.41448990e-01 -1.93873495e-01 -1.00766858e-02 -3.16634893e-01
 -1.44313497e-04  2.63919532e-01  2.07523778e-01 -5.49554154e-02
  5.33136055e-02  3.13866347e-01 -4.65715498e-01  3.41425911e-02
 -2.39979833e-01 -1.91657364e-01 -5.89421868e-01 -1.56329244e-01
 -2.19735324e-01  4.28477705e-01  1.38839660e-02 -1.92210171e-02
 -6.24269694e-02  1.35077581e-01 -5.02974391e-01 -5.76914787e-01
  1.49570987e-01 -1.06932491e-01  2.43827388e-01  2.05433995e-01
  4.16271016e-02 -2.44233143e-02  1.59026459e-01 -4.92053293e-02
  5.66071719e-02 -3.85289965e-03 -1.46458700e-01  1.89651770e-03
 -5.22280097e-01 -2.55103230e-01 -4.92866576e-01  2.72955030e-01
 -4.44830775e-01 -1.67437389e-01 -1.57585531e-01  1.42746955e-01
 -2.00600773e-01  1.54870361e-01 -1.74849570e-01 -1.52781561e-01
  1.13577340e-02  1.30792772e-02  2.38365248e-01 -1.36457831e-01
 -3.88550162e-01 -5.48433810e-02  1.78028256e-01  1.36381626e-01
 -1.60849571e-01  4.01788801e-01 -1.31632850e-01  6.16817102e-02
 -2.76503563e-01  2.30659306e-01  3.97378564e-01 -4.66416739e-02
 -1.85616985e-01 -3.65073830e-02  1.23762950e-01  2.39520594e-02
  3.11822649e-02 -4.91256900e-02  8.51199701e-02  2.05837816e-01
 -1.45351246e-01 -2.69065946e-01  1.30078137e-01  4.62689549e-02
  1.72668740e-01  2.77675688e-01 -1.10845454e-01  2.02017218e-01
 -4.67546761e-01 -3.32481951e-01 -4.25179273e-01  1.87350214e-01
 -2.07268551e-01  4.69931550e-02 -9.35296193e-02  2.30488852e-01
 -8.76952149e-03  4.12988178e-02  1.95334777e-01 -2.46261194e-01
  3.76389951e-01 -8.03322792e-02  2.54806042e-01 -3.61502618e-02
  5.49620628e-01 -2.68597957e-02  4.74281073e-01  4.54223663e-01
  1.06095113e-01  2.01111391e-01  3.31287205e-01 -6.72900379e-02
 -3.49047482e-01 -2.24287529e-02 -9.80528966e-02 -1.74247429e-01
  2.05278963e-01 -1.22264422e-01 -9.82395932e-02  3.19940418e-01
 -2.04391703e-01  1.35253116e-01  2.36226041e-02  3.48394454e-01]
[-1.84210226e-01  1.68861151e-01 -8.27478617e-03  1.98061824e-01
 -1.00605503e-01 -8.45690891e-02  5.28424866e-02 -7.58415520e-01
 -9.55959409e-02 -4.84271459e-02 -1.70797050e-01  1.80000183e-03
 -9.01875868e-02 -2.58810520e-01  1.63539931e-01 -1.34108305e-01
 -1.11763040e-02  5.45900106e-01  1.36552090e-02  4.63042408e-01
  1.70481652e-01  3.95953983e-01 -4.25274335e-02  3.67375731e-01
 -4.85454023e-01 -3.00533235e-01 -2.15035811e-01 -1.19197845e-01
  2.08794363e-02  2.07138598e-01 -9.43869650e-02 -5.17723104e-03
  1.87579319e-01  1.37978956e-01 -1.73853979e-01  1.17021231e-02
 -5.93005866e-02  2.35571668e-01 -4.42094594e-01 -3.09362382e-01
 -1.58680037e-01 -7.13099167e-02  1.74076259e-01 -2.92151198e-02
  4.71375324e-02  1.16119362e-01  5.95219396e-02 -5.23794591e-01
 -6.37365654e-02  2.22550392e-01 -2.72468198e-03 -3.92897159e-01
 -1.30398259e-01 -3.47021520e-02  1.14723183e-01  2.44811416e-01
  2.44942516e-01  1.32238179e-01  2.64377818e-02  4.42149758e-01
 -1.09236427e-01 -5.52315228e-02  3.88940066e-01 -1.91127136e-01
 -1.15522161e-01 -2.36648157e-01 -3.87372158e-04  1.67018380e-02
  3.38902742e-01 -7.04991026e-03  2.33904034e-01  4.95478176e-02
  3.07335943e-01 -3.82248133e-01 -1.01921782e-01  5.65351725e-01
 -1.01300217e-01  2.27451354e-01 -2.76897877e-01 -7.97332749e-02
  3.36779177e-01  2.12775484e-01  4.01854888e-02 -1.38089061e-01
 -2.22631738e-01 -1.61834836e-01  7.59544596e-02  1.20351590e-01
 -1.72799811e-01  1.38193950e-01  3.00712347e-01 -4.47533838e-02
  1.02043606e-01 -1.36708394e-01  1.36415213e-01 -1.99716836e-01
 -1.75241128e-01  4.51375172e-02  8.59643370e-02 -3.19864213e-01
  5.69462776e-02 -1.24404408e-01  2.60045622e-02  2.56274343e-01
  7.67006576e-02  3.68846834e-01 -1.65126458e-01  7.71534443e-02
  9.04956758e-02 -5.13660498e-02 -3.65300536e-01 -1.83823794e-01
 -1.81583837e-01 -1.38114065e-01 -3.49106461e-01 -1.01916574e-01
  1.03093915e-01 -2.12201402e-01 -8.00891966e-02  7.75572658e-02
  2.95480311e-01 -2.24642381e-01 -1.30225778e-01  3.89214307e-01
  1.16781937e-02 -2.56183986e-02  6.77193236e-03  3.53091136e-02
 -1.22449450e-01  2.62928367e-01  2.18274966e-01  8.73190239e-02
 -6.72832131e-02 -3.82379483e-04  1.77351475e-01  1.11240949e-02
 -7.25800171e-02 -1.10253096e-01  4.12541069e-02  4.56285566e-01
 -1.38064608e-01  2.41308972e-01  3.10205966e-01  2.78526276e-01
  5.33274949e-01  3.72402698e-01  2.33857304e-01  4.15707827e-02
 -1.33575082e-01  1.11055873e-01  4.59409982e-01 -1.41670302e-01
 -5.18575460e-02 -9.97052789e-02  2.23422706e-01 -2.94318676e-01
  3.98547441e-01 -2.71193922e-01 -2.00248048e-01  2.32991546e-01
  3.23890656e-01  1.49454832e-01  3.82814966e-02  1.02915838e-01
  4.71962132e-02  3.63926530e-01 -3.38408686e-02 -5.23591399e-01
  2.23923028e-01 -1.45719794e-03 -2.39589095e-01 -6.08097374e-01
 -2.65187055e-01  3.59798968e-01 -9.69886780e-02  2.96226770e-01
 -3.43980640e-01 -1.14488620e-02  2.03737661e-01 -1.70966670e-01
 -3.28046769e-01 -5.62385023e-02  3.78584981e-01 -1.17495440e-01
  2.34373018e-01  2.67190367e-01  5.43612689e-02 -4.28155810e-01
  3.85043323e-02  1.43030241e-01  2.37745494e-01 -5.11086546e-02
  3.74950558e-01  2.11343169e-01 -3.16775113e-01 -1.04604080e-01
 -4.34712768e-02  1.30703598e-01 -4.43478584e-01 -1.97929516e-02
  3.52971494e-01 -7.14255199e-02  1.35390565e-01 -4.48305786e-01
  3.53095323e-01 -4.24354345e-01 -8.73579010e-02 -7.05547724e-03
  2.01038718e-01 -1.36380926e-01  4.54176009e-01 -1.18303001e-01
  1.67555466e-01 -1.12824768e-01  2.78740078e-01  2.25502998e-01
  3.28950584e-02 -4.39256877e-02 -1.69868752e-01 -1.80904746e-01
  4.45455343e-01  2.33010039e-01  2.43767306e-01 -1.35453492e-01
  3.50865573e-02  4.15838391e-01  2.78088540e-01 -1.81836203e-01
 -6.95945621e-02 -1.28754258e-01  3.56803447e-01 -5.59533536e-01
 -3.88709426e-01  6.63204417e-02  2.30666086e-01 -2.44460002e-01
 -3.11027855e-01 -9.25465524e-02 -8.09754357e-02 -1.17308781e-01
  1.70976073e-01  4.28577334e-01 -1.19539171e-01 -1.97649151e-01
  1.96979236e-04 -1.95521742e-01 -1.63490474e-01  4.31667596e-01
 -1.96819678e-01 -3.07478279e-01  3.39233309e-01 -1.72919139e-01
 -2.33200654e-01  6.21346682e-02  1.58739597e-01  7.36639947e-02
  2.71132410e-01 -3.60114053e-02 -1.21489987e-01 -8.90964940e-02
 -3.21147859e-01 -2.07173884e-01 -1.40827462e-01  1.02511898e-01
 -3.87683690e-01 -1.71658944e-03 -8.93266946e-02 -1.97926044e-01
 -3.24221961e-02 -5.29812947e-02  1.07600555e-01  2.96576500e-01
  2.18209401e-01 -1.58995733e-01 -2.42778853e-01 -2.47899339e-01
  8.83817226e-02  2.01346442e-01 -5.62581457e-02 -9.75691900e-02
  1.19451471e-01  4.27730113e-01  7.15931579e-02 -1.66092202e-01
 -3.02539836e-03  3.39484572e-01  1.47578299e-01  1.37905642e-01
 -3.14692140e-01  6.06230553e-03  1.63097739e-01 -2.72648036e-01
 -4.49956238e-01 -2.39487603e-01  1.24904431e-01  2.74543129e-02
 -2.19624594e-01  6.43259212e-02  1.65639222e-01 -5.59829269e-03]
[ 1.90827683e-01  6.52815104e-02 -2.64650792e-01  1.17566332e-01
 -2.89559811e-01  9.89844948e-02 -3.21811587e-01 -2.76794732e-01
  7.27319717e-02  2.14864329e-01 -6.53081462e-02  1.78482980e-01
  1.23273142e-01 -3.18393052e-01  2.15468466e-01 -1.81379244e-01
 -1.30287241e-02 -7.66518861e-02  4.37906384e-03 -5.34261996e-03
  2.82547534e-01 -4.02704887e-02 -3.26499104e-01 -1.81316555e-01
  2.39601925e-01 -1.58060458e-03 -1.16250411e-01  1.71144187e-01
  2.95675755e-01  2.10593134e-01  3.72429550e-01  7.54586011e-02
 -7.60800391e-02 -1.70107767e-01  2.27225929e-01 -3.42840329e-02
 -1.22509465e-01 -2.42760628e-01 -3.36944009e-03  3.56313527e-01
 -1.41926156e-02 -1.75659478e-01  2.58786511e-02  2.33939901e-01
  1.42369360e-01  3.12808871e-01  1.22836933e-01 -2.68903792e-01
  1.56996727e-01  1.16263092e-01  8.63372460e-02  1.93066970e-01
 -2.51436055e-01  9.41737071e-02 -5.67970145e-03  4.11429703e-01
  4.13408190e-01 -3.22826475e-01  1.09632105e-01  3.56494367e-01
  2.89225169e-02 -3.60373676e-01  1.60952985e-01  9.28301588e-02
 -2.02967618e-02 -2.66687334e-01  2.52745628e-01  1.99162424e-01
 -2.85366699e-02  1.16331227e-01  2.59175450e-01 -2.84957290e-01
  1.14938036e-01 -3.72628719e-01 -2.23438278e-01  1.51575238e-01
  2.03565642e-01  3.77998441e-01 -2.85656780e-01 -9.90525186e-02
  3.81591842e-02 -3.15213829e-01  9.65364724e-02 -2.56646693e-01
  6.11734167e-02  1.58727944e-01 -3.94910157e-01  3.30063343e-01
  4.71391708e-01  2.30055287e-01  4.75645102e-05 -6.50945082e-02
  1.20467767e-01 -1.93840608e-01  2.73950309e-01 -5.76802704e-05
 -2.53841221e-01 -1.65532619e-01 -4.79130030e-01  6.22471012e-02
  1.25532538e-01 -2.97642797e-01 -9.18946564e-02  5.04065268e-02
 -1.47383690e-01 -6.18430153e-02 -1.40916631e-02  2.39172280e-01
  2.07678586e-01  1.72410354e-01 -2.77558323e-02 -1.18676804e-01
 -2.06749335e-01 -1.57174155e-01 -2.29237769e-02 -1.69815551e-02
  2.15304255e-01 -4.93605554e-01  1.94075294e-02  1.16905505e-02
  8.25294033e-02 -1.39473081e-01  2.68887222e-01  3.89330506e-01
  1.17015749e-01  2.86471069e-01  2.71436125e-01  3.16601247e-01
  3.08979392e-01  2.38765165e-01 -1.99229181e-01  2.26740569e-01
 -1.13872252e-01  2.94447154e-01  4.09649126e-02 -2.00998969e-02
  8.38454291e-02  4.97594886e-02 -3.77442181e-01  2.80365735e-01
  9.90891978e-02  2.85528362e-01  2.41579264e-01  4.44494754e-01
 -3.41673404e-01  2.11073563e-01  2.79566236e-02 -2.60586619e-01
  3.04443270e-01  3.85466993e-01 -1.15006575e-02  1.52582526e-01
 -3.36381972e-01  5.44016398e-02 -1.85338452e-01  1.73207954e-01
 -9.12889764e-02 -9.24620181e-02  2.48566315e-01 -1.71039760e-01
 -7.14943260e-02  3.47574025e-01 -4.47343946e-01 -1.31547689e-01
 -2.99658102e-04 -1.07852055e-03  9.45221540e-03  4.34949175e-02
  2.59808630e-01  1.53676629e-01 -2.28940129e-01 -3.88461053e-01
 -1.91185445e-01  1.21541932e-01  1.18735388e-01  3.11748385e-01
 -2.33207360e-01 -2.04998508e-01  1.36396438e-01 -1.54223561e-01
 -3.15828711e-01 -4.53995794e-01  4.01082456e-01 -2.00645313e-01
  1.23881912e-02 -1.88642696e-01 -1.10239789e-01 -2.65525311e-01
  1.03442334e-01  5.44841170e-01  1.44963274e-02 -3.17808092e-01
 -2.09485233e-01  2.61256546e-01 -4.32570338e-01 -1.95320815e-01
 -1.77052274e-01 -1.45158738e-01 -4.41208988e-01 -2.16614604e-01
 -1.01373777e-01  2.21690565e-01  9.55025703e-02  1.65771037e-01
 -1.77058965e-01 -2.53239781e-01 -1.50045946e-01 -3.31463635e-01
 -2.82899141e-01 -2.81756610e-01  3.82211894e-01 -2.00478405e-01
  1.49921998e-01  1.15679847e-02  2.04051703e-01 -5.42979874e-02
 -1.01750083e-01 -1.47836074e-01 -2.03779951e-01 -3.15282345e-02
 -2.59968877e-01 -1.55819327e-01 -3.34724307e-01  4.53526646e-01
 -3.92415196e-01 -1.23389691e-01 -2.07206324e-01  2.91619360e-01
 -1.10944122e-01  4.21588868e-01  6.84376359e-02 -9.72417444e-02
  1.43752098e-01 -2.03887850e-01  1.85829103e-02  4.46126103e-01
 -2.50419796e-01  4.60286811e-02 -4.69162501e-02 -8.69654715e-02
 -1.81620151e-01  2.65228361e-01  1.96933836e-01  1.77979618e-01
 -2.62198091e-01  1.48050068e-02 -1.33081423e-02 -9.23465043e-02
 -2.05350872e-02  9.52611342e-02  5.32045141e-02 -2.68881530e-01
 -3.24908614e-01  1.31169885e-01  2.72153109e-01 -7.47992843e-02
  4.34931032e-02 -5.49409151e-01  2.46303380e-01  7.96182733e-03
  4.43908840e-01  2.30186164e-01  1.91371486e-01 -2.85420388e-01
 -2.95723587e-01 -8.05312768e-02 -1.08296191e-02 -3.01650017e-02
  9.99770500e-03 -1.89721793e-01 -2.35055566e-01  2.13704318e-01
 -2.28818450e-02 -6.16341680e-02  3.90612260e-02 -2.39746407e-01
  2.01390192e-01 -8.01324546e-02  5.55967614e-02  5.98904192e-02
  3.42445105e-01 -3.23665589e-02  2.55441040e-01  4.45951521e-01
  1.13301739e-01 -2.00078934e-01  2.35632271e-01  1.33260831e-01
 -4.39433932e-01 -2.95207947e-01 -2.92992741e-02 -3.55365217e-01
  4.61417824e-01 -1.09471709e-01 -2.87957847e-01  2.24939719e-01
  7.02171680e-03  2.52646029e-01  3.04527402e-01  2.04718128e-01]
[ 0.14379875  0.12435929  0.12464637  0.11633764 -0.04942717  0.13524483
 -0.20139827  0.10637375  0.08916722  0.1828147  -0.10146774  0.19599703
 -0.01123325 -0.15456277  0.34132272  0.08767136 -0.15024975  0.03573368
  0.13030455  0.19877319  0.01025994 -0.3345271  -0.5253395   0.20386615
 -0.20382676 -0.18904345 -0.17015263  0.19853504  0.05307842  0.26152587
  0.33228055  0.40677294 -0.33074927  0.12426458  0.0957044   0.14373867
 -0.24968219 -0.17354827  0.15453237  0.6315478   0.03218801 -0.13460767
 -0.15964645 -0.41979247 -0.02634013  0.19110732 -0.3524793  -0.12509649
  0.09710451 -0.17334433  0.2917642   0.01943688 -0.44167376  0.21958195
 -0.32983488  0.48952496  0.3505094  -0.14197643  0.23295979  0.494849
  0.08143733 -0.47604355 -0.07935397 -0.17219028  0.17514856 -0.13940847
 -0.25000605  0.18352719  0.14199     0.02087756  0.0459857   0.1274375
  0.47189942 -0.49402002  0.1242575  -0.30154532  0.61779     0.4809882
 -0.15468249 -0.01253306  0.10515781 -0.08991539  0.29772714  0.01249895
 -0.59385276  0.54542255  0.04852266  0.12685847  0.46236557  0.32579604
 -0.26502362 -0.44626352  0.25876746  0.14420885  0.01941774  0.24367079
 -0.17952254  0.04392828 -0.4013048   0.46601927 -0.2523511  -0.00772512
 -0.2848337  -0.05352649 -0.15341033  0.28512996 -0.10221304  0.46247643
 -0.05655795  0.05229026 -0.14970554  0.23103218 -0.16949922 -0.05652146
 -0.04487883  0.12891793  0.0818172   0.167722   -0.10806493  0.02353266
  0.33657375 -0.00458189  0.3241781   0.586647   -0.1059941   0.15302598
  0.22248407 -0.1426545   0.49030942 -0.02502821 -0.16811594  0.22956668
 -0.01900977  0.08844817 -0.09254901  0.08875576  0.26577908 -0.18219733
 -0.26423633  0.37650773 -0.27283248  0.39284244  0.2048016   0.14113894
 -0.05712691  0.15758008 -0.03826345  0.32284477 -0.14923333  0.10808376
  0.18408    -0.01815561 -0.41046813  0.11742424 -0.18290491  0.28110233
  0.1096196   0.19528721  0.44735882 -0.61611193 -0.28686845 -0.06325268
 -0.19502482  0.21710595  0.54067516 -0.09912475  0.18358983  0.1987341
  0.5115286  -0.02654658  0.04780523 -0.33787823 -0.23374641  0.0228769
 -0.10874659  0.52677953 -0.16065541  0.22743167  0.23212884  0.05700154
 -0.12395488 -0.54933006 -0.12209451 -0.15965164 -0.11664443  0.02218306
  0.10719951 -0.17405832  0.10250983  0.4433725  -0.27063146 -0.13122807
 -0.16480342  0.16947147 -0.46887857  0.06421696 -0.12803647 -0.0173542
 -0.22928776 -0.0898409  -0.20093806  0.00412877 -0.2685187   0.05918006
 -0.51460904 -0.32582942 -0.12423552 -0.17078371  0.1766289  -0.2810753
  0.3533787   0.2969412   0.17823394 -0.02103046  0.04961638 -0.20440972
 -0.3561581  -0.13063568 -0.20771024  0.19020751 -0.38774282 -0.23218583
 -0.04386083  0.11899541 -0.4061583   0.08519246  0.2801102   0.22740355
 -0.11747327  0.02925767 -0.08583325  0.04502154  0.4102645  -0.16387607
  0.41777453  0.3230428   0.0438434   0.14730567  0.13388053  0.05430006
 -0.0126943   0.13561349  0.07770507  0.25686336 -0.13299319  0.07433312
 -0.18016413 -0.06390898 -0.00491605 -0.01911169  0.04055282 -0.44360727
  0.08742145 -0.14486654 -0.16804129 -0.01777276 -0.12230299 -0.40327954
  0.35894325  0.0570759   0.17602669 -0.11215316  0.18208309 -0.2766458
 -0.29756767  0.102751   -0.11381481  0.23828813  0.14589688  0.05789286
 -0.10984075  0.196388   -0.08623888 -0.08424904  0.20874563 -0.66740024
  0.21313061  0.16882265 -0.16848564  0.2227903   0.37923348  0.01824987
 -0.05743588  0.01760869  0.19955604 -0.22719201 -0.01595329  0.51063025
 -0.2716897  -0.1429622   0.11394287 -0.26262605  0.09426404 -0.18337528
 -0.42414296  0.35780716 -0.40292308  0.25115117  0.37927616  0.2583535 ]
[ 0.30713022 -0.26198614 -0.38191092  0.12781142 -0.32247972 -0.29799318
 -0.13203517 -0.11966148 -0.2763972   0.2285988  -0.2651132   0.36769304
 -0.01611966 -0.01611483  0.17145997  0.30734196 -0.14487587 -0.06492647
  0.03810484  0.03580384  0.16796674 -0.08375943 -0.1592185  -0.17625785
 -0.37752777 -0.07328962 -0.10349511  0.23835918 -0.23061189 -0.1518922
  0.16955727  0.74787426 -0.16997328 -0.17183982 -0.00826164  0.18434489
 -0.0863277  -0.01053173 -0.24913083  0.47748157  0.02426041 -0.02731082
 -0.09578985 -0.302097    0.16857883  0.17290731 -0.403529   -0.21127212
  0.32063547 -0.23906052  0.13459948 -0.05561452  0.160214    0.15240915
 -0.25720337 -0.09324374  0.47097436  0.37572774  0.14839907  0.25260592
  0.06196269 -0.00159209 -0.00184024  0.16230667  0.1996405   0.13260326
 -0.20549078  0.24848855  0.09937096 -0.06761156  0.08974276  0.16078402
  0.06308506 -0.20472527 -0.00205939 -0.06607547 -0.186834    0.4167855
 -0.13996503  0.15166527  0.06069285  0.2852996   0.10396566 -0.21549547
 -0.02878311  0.2815331  -0.64207447  0.0441305   0.24500737 -0.166412
  0.3084725  -0.24479663 -0.31285205  0.00775216  0.38089955 -0.01350392
 -0.05568675 -0.17049277 -0.20784666 -0.4032022  -0.1497474  -0.1072422
 -0.12900841  0.11658657  0.29578432 -0.09523716 -0.11787836  0.07215862
  0.21998343  0.1214406   0.03944014 -0.03545671 -0.2936184  -0.03624676
  0.15407881 -0.12670226  0.3197264   0.27256414 -0.36795726 -0.1358835
  0.58236134  0.24364062  0.07564557  0.05773498  0.01583247 -0.42209253
  0.27421397 -0.00488265  0.2913178   0.3865354   0.00975365  0.21451029
 -0.00097617 -0.09300796 -0.33693033  0.20273605 -0.2453727  -0.1817845
 -0.30346638  0.08178459  0.16471526  0.3381167   0.10854556  0.09772824
 -0.08868971 -0.09877103 -0.15942107 -0.35863116 -0.11830653 -0.21831731
  0.20249885 -0.11888705 -0.19699298 -0.31891513 -0.20209019  0.2679861
  0.03750708 -0.9011445  -0.2913123  -0.5208344   0.09544013 -0.11805125
 -0.23906699  0.26469144  0.2353337   0.07662933 -0.33436972  0.06217297
  0.2994727  -0.07141558  0.29181966 -0.10114517  0.0463632  -0.2830025
 -0.349095    0.49281037  0.1702237   0.02560749  0.34439853 -0.17329651
  0.0998425  -0.6198836  -0.2769648   0.01943316  0.10778961 -0.2153035
  0.01700195 -0.05461471  0.24602175 -0.1397168  -0.3015144  -0.29770818
  0.48468816  0.38447788 -0.20578146 -0.23137641 -0.17623924  0.12095895
 -0.44927204 -0.3144282  -0.1133351   0.4016435  -0.07891639 -0.18514514
 -0.23773052 -0.25955263 -0.04583535  0.21904264  0.3457308  -0.18798016
  0.40443066 -0.10212673 -0.11719482  0.05753331 -0.0620394  -0.14523278
 -0.28834477 -0.5534419  -0.10945977 -0.1112577  -0.38810766  0.31409636
 -0.07516986  0.4313509   0.31685245 -0.00828064  0.15514378  0.09711658
  0.07536485  0.16390204 -0.2530266  -0.38419375  0.11455763 -0.00647078
 -0.22094588  0.24578524 -0.10302096  0.30446061 -0.25585133 -0.09772091
  0.01665691 -0.2076848   0.35008147  0.20220867 -0.5507491   0.41771716
  0.0013021  -0.30143422 -0.24362537  0.02282125  0.10366326 -0.11857311
 -0.03214492 -0.30363354  0.0549731  -0.05612006 -0.3192398  -0.6251126
  0.49217957 -0.03604238  0.2669774  -0.05619733 -0.27518174 -0.64453286
 -0.24212492  0.10780035 -0.30303937 -0.15901187  0.28026488 -0.31389263
 -0.24361019 -0.24938633 -0.11198109  0.3429578  -0.3713883  -0.29197904
  0.39810827  0.3125112  -0.09765542  0.25170827  0.42782652 -0.18685608
  0.09124357  0.06953889  0.17125256  0.2801217  -0.131502    0.3179518
  0.07029629 -0.16443884 -0.0073975  -0.08734017  0.16581254 -0.2925242
  0.5237345  -0.11352966 -0.30781305  0.43705067  0.33067104  0.17723742]
[ 5.18275611e-02 -8.25833604e-02 -1.01576954e-01  2.00715169e-01
 -1.89121097e-01  1.65877100e-02 -1.50500700e-01 -2.45255768e-01
  5.19005861e-03 -3.58214825e-02  1.56045482e-01  1.82883531e-01
 -5.95687144e-02 -5.37215173e-02  1.02504037e-01  3.27025764e-02
 -1.80888936e-01  2.00288802e-01  1.91119798e-02  3.78189594e-01
  6.54806644e-02  1.71913028e-01  1.19102478e-01 -1.34085298e-01
  1.57585308e-01  1.27874091e-01  2.53905892e-01 -2.34443590e-01
  7.47133195e-02  1.11004405e-01 -3.75033990e-02 -1.26834348e-01
 -1.92104071e-01  9.83574539e-02 -2.04704642e-01 -4.28271443e-01
 -2.14606017e-01  2.18720175e-03  4.50231880e-02  3.04951608e-01
  3.70524451e-02 -1.46249726e-01  2.64361035e-02 -1.57890707e-01
  1.38313234e-01  4.68787402e-01  1.99450359e-01 -4.26587928e-03
  2.09919110e-01 -1.58491969e-01 -8.78262371e-02 -7.14701489e-02
  1.60660893e-01 -2.28453632e-02 -9.46021825e-02  2.57314704e-02
  3.28925252e-01 -2.09683944e-02  1.46546006e-01 -2.72345357e-02
 -7.55599365e-02 -2.23080933e-01 -1.61318198e-01 -2.14525431e-01
 -1.80586472e-01 -1.54863223e-02  6.60687014e-02 -4.16402742e-02
  3.11329126e-01  8.16735625e-02 -1.27466485e-01  1.87334344e-01
  3.12056780e-01 -8.82294849e-02 -2.08321601e-01  4.06315448e-05
  5.29263496e-01  2.99321592e-01 -2.30865583e-01  7.90285915e-02
  7.35638142e-02  5.28977551e-02  4.44861919e-01 -1.06918246e-01
  3.53595465e-02  2.45455667e-01 -9.53885540e-02  2.77027369e-01
 -2.76916951e-01 -2.16117814e-01  1.37216300e-01 -2.26066887e-01
  3.42526972e-01 -3.43066663e-01  3.92893748e-03 -6.34819791e-02
  5.33442311e-02  8.52012187e-02 -5.05440414e-01 -2.91039124e-02
  5.89750335e-02 -3.32932249e-02 -3.28123458e-02 -1.84072062e-01
 -5.82933165e-02  1.83255225e-01  4.05958621e-03 -2.33823657e-01
 -9.80329737e-02  2.62945890e-01  2.48367310e-01 -1.54495269e-01
 -3.20218027e-01 -9.15167481e-02 -7.68749714e-02 -3.20057422e-02
  1.03996105e-01  8.02585930e-02 -1.73248023e-01  1.51569188e-01
 -1.17807172e-01  4.32035699e-02 -1.56999364e-01  7.15317011e-01
  1.14698242e-02  6.78534247e-03  1.62319079e-01  4.22177881e-01
  1.13565169e-01  6.28911853e-02  2.43132472e-01  3.40712190e-01
 -1.60679713e-01 -1.51385978e-01 -1.16841793e-02 -2.07811728e-01
 -1.30721360e-01  2.33400874e-02  1.24609046e-01  8.60103071e-02
 -6.18414246e-02  2.08727092e-01  3.43949683e-02  3.77264395e-02
 -1.82561263e-01  1.21990427e-01 -1.67040020e-01 -2.68366426e-01
  9.61482748e-02 -2.89842803e-02  2.31313512e-01  1.62324175e-01
  1.56324193e-01 -1.43372968e-01 -3.63885194e-01 -4.48124297e-02
 -1.33163659e-02 -1.30311340e-01  1.14074156e-01 -3.51039618e-02
 -2.73781508e-01  2.54693538e-01 -2.06046551e-01 -2.89295793e-01
 -1.02187075e-01  2.14043424e-01  1.79402649e-01 -1.34893671e-01
  2.55925328e-01  2.34657168e-01  3.60170864e-02 -1.70755595e-01
 -5.35204649e-01  1.69086337e-01 -2.25477725e-01 -1.05223984e-01
 -1.61019489e-01 -1.23539999e-01  7.36549273e-02 -5.75289913e-02
 -8.64816979e-02  2.18184646e-02 -2.21683476e-02  3.05238307e-01
 -1.06703423e-01  4.30542141e-01  1.58903778e-01 -1.49034381e-01
  9.77754369e-02 -1.03639275e-01  1.71702906e-01 -2.64780790e-01
  3.36575657e-01  9.26764905e-02 -3.39911729e-01 -1.31695047e-01
 -1.67800799e-01  5.54100834e-02 -2.25968212e-01  9.53071862e-02
  3.72999609e-01  6.69037104e-02 -1.63397357e-01  4.92415167e-02
 -1.58189550e-01  7.37421773e-03 -5.81624880e-02  4.61243726e-02
 -6.80413377e-03 -4.17863950e-02  4.64451402e-01 -1.49440959e-01
  2.31644228e-01 -1.46709532e-01  2.17704266e-01  1.51166702e-02
 -1.08251572e-01 -2.71381170e-01 -1.56155437e-01  1.24015920e-01
 -2.39297017e-01 -1.29594550e-01  3.96272130e-02  2.26321071e-01
  2.00595975e-01  4.57881570e-01 -2.06091449e-01  2.99290121e-01
  6.96554035e-02 -8.37940574e-02  2.64817983e-01  1.21261209e-01
 -1.54246781e-02 -7.30231870e-03  2.51684748e-02  3.34910423e-01
 -1.69850916e-01  3.51593524e-01  4.46696803e-02 -6.76923245e-02
  4.14490029e-02 -2.53284480e-02  3.04151922e-01  2.33633965e-01
  4.77699600e-02  2.55213320e-01 -1.52290054e-02 -9.82296281e-03
 -1.51159167e-01 -5.68246208e-02 -8.50622207e-02 -1.77259400e-01
 -3.01495552e-01 -5.29833362e-02  1.04966566e-01 -1.58560604e-01
 -3.75467017e-02 -1.94385424e-01  7.70022720e-02 -3.45382333e-01
 -1.54318929e-01 -9.01449397e-02  6.01960486e-03 -3.02603811e-01
 -2.98827887e-01 -3.51083353e-02 -5.01246899e-02 -8.62668082e-02
 -1.28139302e-01 -1.11689582e-01 -1.52786076e-01  4.66186740e-02
 -7.25998776e-03 -2.79194303e-02 -4.79385465e-01  5.59661724e-03
  1.83342379e-02 -2.74067428e-02  2.89052669e-02 -1.80132017e-01
  2.14346290e-01  1.44862682e-01 -5.56972288e-02 -1.15493521e-01
  1.48322314e-01 -1.89226374e-01  1.21069685e-01  2.35749245e-01
 -2.60772437e-01 -8.71573314e-02 -4.18639891e-02  5.99965677e-02
 -1.74230598e-02 -3.08616072e-01 -2.23085403e-01 -2.96381768e-02
 -2.88293481e-01  1.47906825e-01  2.44565383e-01 -5.89255290e-03]
[-0.37205258 -0.13954048  0.19718702  0.20922814 -0.35221493 -0.20711075
  0.75470203 -0.23518151  0.02100907 -0.15035369 -0.0569683   0.09428038
  0.09362211 -0.5440445   0.10595575 -0.26820529 -0.44764137  0.16006488
 -0.0146712   0.6169483   0.3739939   0.36160922 -0.24941385  0.10701965
 -0.8524472  -0.08413456 -0.11235848  0.04732427  0.18506183  0.28282687
 -0.17708173  0.28646472 -0.30702016  0.04816303 -0.07138561 -0.1363284
 -0.12090366  0.37717777  0.24090403 -0.3480184   0.1939341  -0.31599596
  0.2999439   0.34090552  0.02681498  0.28821418  0.10695775 -0.17109554
  0.08110259  0.1559277  -0.41611412 -0.66968936 -0.06688006 -0.275745
  0.18024725  0.27182505  0.24876928 -0.38884282  0.22368357  0.29739088
 -0.3036165   0.17029499  0.19351232 -0.288802    0.01057455 -0.26227784
 -0.00112841  0.29813856 -0.19215305  0.35694718  0.4281668  -0.07134722
  0.43312496  0.02786094 -0.31914738  0.16623105  0.22644667  0.35915357
 -0.496443   -0.33924025 -0.19593571  0.18958026  0.06785364  0.03516393
 -0.17110413 -0.20517877  0.04604106  0.07088222  0.39220214 -0.14744641
  0.4325962  -0.02917529 -0.44019935  0.33339527 -0.12802432 -0.36462846
  0.27958548  0.26496005  0.3520751  -0.23047668  0.5941635  -0.19970691
 -0.32723507 -0.13592674  0.6043603   0.3757244  -0.31222624  0.21392965
  0.02784972 -0.12072196 -0.0239261   0.06505381  0.02692631  0.08453705
 -0.4840644  -0.24873473 -0.09501142  0.22383529  0.3686715   0.16730584
  0.49864644  0.18656887 -0.03542161  0.23106568  0.14700343  0.38195753
 -0.4497092  -0.05755688 -0.14679216  0.16826992 -0.23771517 -0.07570661
  0.34359834  0.48837    -0.42906013 -0.008946    0.09029694 -0.17389861
 -0.1874762  -0.00503885  0.01446871  0.36316416  0.4687609   0.42300537
 -0.01684885  0.17555656  0.1836943   0.06818496 -0.40101054 -0.08079199
  0.40903488 -0.1558614  -0.16610743 -0.42646474 -0.2845399   0.08853486
  0.25211537 -0.30417868 -0.08290613  0.17487687  0.5138935  -0.12262125
 -0.2354912  -0.15447386  0.17980462  0.17298159 -0.4352533  -0.57430536
  0.30741286  0.4217296  -0.15718761 -0.4566971  -0.68497     0.0654323
 -0.1929182   0.27286276 -0.06617426 -0.35643303 -0.33381644 -0.6246136
 -0.6069743   0.10869084 -0.28972125 -0.86715084  0.17258807 -0.25710115
 -0.21966001 -0.10161234 -0.0525636   0.26544037  0.49073386  0.12868649
  0.7512206   0.45796356  0.14575267  0.02910445  0.02269847  0.3272007
 -0.4218882   0.04282464 -0.12423506 -0.30149868  0.090446    0.20731813
  0.05740381 -0.63111323  0.13776264  0.04595819  0.11553994 -0.00498386
  0.10895052 -0.26845813  0.2857762   0.13916852 -0.03653943  0.01748862
  0.4483856  -0.06112098 -0.12269829 -0.03030732  0.426673    0.3996082
  0.17297356  0.340322   -0.04027034  0.07711015  0.3086099   0.0348349
  0.3352727  -0.21940957 -0.08859809  0.06007954 -0.47508392  0.2363549
 -0.07042869 -0.27612668 -0.20419608 -0.36482158  0.04361604 -0.30731106
 -0.34427854  0.10321564 -0.06785108 -0.2493116  -0.180742    0.21845517
  0.1042738  -0.21688236 -0.3682357  -0.12489915  0.12718317 -0.3497301
  0.03311905 -0.18685296  0.609157    0.03991377 -0.05643822 -0.07384842
  0.6491972  -0.10304969  0.10219656  0.30193052 -0.22768214  0.09095111
 -0.27748916  0.05110001  0.05967282  0.39606628 -0.25211516  0.51807505
  0.11270673  0.1496081   0.7170944  -0.37788662 -0.07099178 -0.6404337
  0.08705591 -0.16212063 -0.32598075  0.29120314  0.25272983  0.5133567
 -0.51505023  0.18055254  0.21031573  0.37553868  0.18267153  0.26846927
 -0.04686124 -0.3025934  -0.12335053 -0.06533229  0.15316722  0.2753029
 -0.06251541 -0.1135874   0.22710188  0.5700337   0.06774727  0.46988985]
[ 2.06324145e-01  7.80199002e-03 -4.14131731e-01  3.52345020e-01
 -9.19806063e-02  3.37774843e-01  3.29782009e-01 -3.53446603e-02
 -7.58705195e-03 -1.45124465e-01 -4.72243875e-02  3.48348349e-01
  2.10313931e-01 -1.32766783e-01  1.65989220e-01 -1.10266678e-01
 -1.45237297e-01 -1.36443660e-01  2.28664830e-01 -2.45597437e-01
  1.41110450e-01 -1.22477293e-01 -3.47318202e-01 -1.55575618e-01
 -2.04240695e-01 -1.88803509e-01 -1.65302381e-02 -7.05840513e-02
  5.12320958e-02  1.41751111e-01  5.90109944e-01  5.29275358e-01
 -3.80479038e-01 -6.11639544e-02  5.13987482e-01 -5.23858592e-02
  1.85882971e-01 -1.22280724e-01 -6.55341372e-02  8.61429125e-02
  2.80470341e-01  1.01719543e-01  1.63522273e-01 -5.24065504e-03
 -9.95881017e-03  2.43064001e-01  1.98113158e-01 -3.55624467e-01
  3.54379835e-03  6.44589439e-02  6.66682601e-01 -1.57488286e-01
 -2.56646454e-01  7.34784454e-03 -4.93807942e-01 -7.18636587e-02
  3.63968760e-01 -1.63813047e-02 -2.01695517e-01  3.64962906e-01
  1.47314378e-04 -9.94614810e-02  2.49424487e-01  5.96934780e-02
  1.52512237e-01 -6.81562304e-01 -9.15358290e-02 -2.20676035e-01
  2.48295188e-01  5.92643255e-03  1.30538806e-01 -6.01225160e-02
  6.31743014e-01 -3.90327483e-01 -1.30252421e-01 -2.03992978e-01
  5.50419271e-01  4.62262809e-01 -1.81665927e-01 -1.85573697e-01
  1.38109908e-01 -2.59425789e-01  6.94610775e-02 -6.41369000e-02
  9.29591805e-02  1.16057083e-01  2.14260012e-01  5.32388389e-01
  5.33024609e-01  4.28620040e-01 -7.85882547e-02 -2.77822793e-01
  1.26976714e-01 -9.02805999e-02  8.18960220e-02  2.28216141e-01
 -3.06933552e-01 -6.16363809e-02 -3.71610820e-01  6.08729757e-03
 -5.44714974e-04  1.24231711e-01 -1.24942854e-01 -1.77439168e-01
 -2.03894421e-01  3.02197814e-01  1.08225346e-01  1.42177969e-01
  6.25679195e-02  5.74692041e-02 -1.45806521e-01  1.83364540e-01
 -1.89254820e-01  2.70794690e-01 -1.62048861e-01  1.94363028e-01
  1.32334739e-01 -3.51928413e-01  4.09032017e-01  5.64699015e-03
  1.97208241e-01 -8.01337659e-02  2.23834202e-01  1.48058996e-01
 -2.17416704e-01  2.49810413e-01  8.98905769e-02 -2.90316403e-01
  1.19115070e-01  1.63589597e-01 -4.09301519e-01  1.82015315e-01
 -6.03892058e-02  5.55164039e-01  9.84435901e-02 -2.00250596e-01
  1.18583508e-01  3.63061205e-02 -6.53206348e-01  3.47319871e-01
 -1.63616687e-01  7.27019250e-01 -1.06056444e-01  2.30904534e-01
 -1.03569992e-01  4.89419967e-01 -1.96029678e-01  4.36334088e-02
  9.26331729e-02  3.23285222e-01  2.58825213e-01 -2.05993220e-01
 -1.97985411e-01 -1.43714756e-01 -4.51105773e-01  1.48180783e-01
  2.65103102e-01  7.76507109e-02  2.84817696e-01 -3.78855199e-01
 -2.46504962e-01  3.74524325e-01 -1.71159327e-01 -5.08203469e-02
  2.71332562e-01 -1.33396983e-01 -7.20275939e-02 -1.45738959e-01
  4.06102151e-01  1.30693078e-01 -8.47245231e-02 -5.13658226e-01
 -6.71368957e-01  6.03421591e-02 -7.14467093e-02  3.61550570e-01
 -3.63717854e-01 -1.03318475e-01  7.83250779e-02  1.34338588e-02
  2.41766363e-01 -7.56004155e-01  5.24937436e-02 -1.61802694e-01
 -1.04139321e-01 -2.97638535e-01 -1.39055833e-01 -5.11587083e-01
  4.14330840e-01  2.06347078e-01 -3.05540860e-02 -1.80261016e-01
 -1.42686203e-01  2.20441103e-01 -1.06770545e-02  1.59828380e-01
 -2.37030387e-01 -3.09628695e-01 -2.92765349e-01 -1.72371283e-01
 -3.43700737e-01  4.16674376e-01 -4.67924535e-01  1.22220397e-01
  2.41108593e-02  1.83263913e-01 -6.24514997e-01 -6.69548213e-02
  1.81885995e-02  4.18845303e-02  2.53332794e-01  1.36339828e-01
  2.71209449e-01  1.98006183e-01  1.50279373e-01  6.17178939e-02
 -2.61610806e-01 -1.29121125e-01 -2.09214792e-01  9.69216079e-02
 -2.96989650e-01 -3.42903644e-01 -1.74495980e-01  3.32774550e-01
 -7.95737654e-02 -1.44581661e-01 -1.81582332e-01  3.16555679e-01
 -3.12352359e-01 -1.76395420e-02 -9.80491340e-02 -4.74060774e-02
 -1.88487187e-01 -4.84641045e-02  1.85594335e-01 -4.31629956e-01
  7.02089295e-02 -1.11287301e-02  1.73643231e-01  1.27776628e-02
 -3.43801051e-01  6.14142157e-02 -1.22035705e-02 -1.00626506e-01
  1.03366543e-02  3.16812247e-01  2.69917697e-01 -3.36531162e-01
 -1.96678147e-01  2.31427718e-02  9.29710865e-02 -4.20993596e-01
  2.88155943e-01  4.36713010e-01  1.69311479e-01  3.30993176e-01
 -1.64980561e-01 -3.58540237e-01  1.69991255e-01  2.13464737e-01
 -1.99197680e-02  2.69908577e-01 -1.02168277e-01 -2.46367063e-02
 -4.21776474e-01  3.99263263e-01 -8.05061534e-02 -1.76496655e-01
  1.48848683e-01  7.24318326e-02 -1.16378978e-01  1.10139981e-01
 -1.14428475e-01 -1.32239327e-01  1.52152190e-02 -5.32124102e-01
  1.53053209e-01 -1.23282291e-01  5.68271093e-02 -2.21015736e-01
  3.85486364e-01  4.64781038e-02  2.77270377e-01  4.44778830e-01
  1.65100336e-01 -1.55056775e-01 -1.23630464e-01  5.91573752e-02
 -2.65549868e-01 -1.89535245e-01  2.47419432e-01  2.79220156e-02
  5.62617540e-01 -2.09829092e-01 -5.83145022e-02  5.02354443e-01
  1.13028228e-01  4.02142018e-01  2.07736477e-01  6.60115600e-01]
[ 1.19524948e-01 -8.00470114e-02 -2.05362454e-01  3.67976755e-01
  8.67709294e-02  9.60036833e-03  2.26002827e-01 -1.88920394e-01
 -2.28519768e-01  6.32677004e-02  1.67302221e-01  1.28813669e-01
 -1.58130080e-01  2.60238927e-02 -5.20800762e-02  1.56038135e-01
  1.33179694e-01 -4.93367799e-02 -3.81629594e-04  5.56666777e-02
  5.27793951e-02  1.67236656e-01 -2.00715102e-02 -4.42865770e-03
  8.34856704e-02 -2.05589607e-01 -1.26516655e-01  4.83713374e-02
  1.71762019e-01  2.58103102e-01 -2.69797668e-02  3.68429013e-02
  2.01485276e-01 -5.62356174e-01 -1.86284736e-01 -1.49407730e-01
  7.40679801e-02 -1.36224732e-01 -3.52505118e-01 -3.57204415e-02
  2.54287779e-01 -1.82360366e-01 -1.12514079e-01 -2.40753442e-01
  8.11952725e-02 -1.98517181e-02 -2.14474335e-01 -2.35175967e-01
  7.46096298e-02  2.17284366e-01 -3.82242739e-01 -3.13524231e-02
 -1.08139396e-01 -1.64693758e-01  3.21451038e-01  1.32688046e-01
  7.72565156e-02  1.11715831e-01  1.85699254e-01  3.64104122e-01
  1.08727612e-01 -1.31865442e-01  5.93591295e-02 -2.24064052e-01
 -2.71778256e-01 -3.62970740e-01  1.28326058e-01  1.71509877e-01
  1.54529870e-01 -1.00746371e-01  2.79706512e-02  4.31002378e-01
  9.86928567e-02  2.68416137e-01  7.55836442e-02 -4.79457267e-02
 -9.39205289e-02  8.84300992e-02 -5.13984978e-01  2.78149724e-01
  7.13394806e-02 -1.75033256e-01 -2.48402879e-01 -3.27993393e-01
 -9.83998552e-02  2.98612397e-02 -8.06224942e-02  2.67396197e-02
  2.26914689e-01 -1.99342430e-01  1.94882110e-01 -3.49802405e-01
  8.76253769e-02  2.69646466e-01  1.14854679e-01  1.77844614e-01
  2.08395317e-01 -5.19271255e-01 -3.20967108e-01  2.64529940e-02
 -4.73008692e-01  4.86129224e-02  1.82598352e-01  5.29103279e-02
 -1.32774502e-01 -9.25746858e-02 -2.26466004e-02  4.73092437e-01
  4.52701934e-02 -1.06340282e-01 -2.94952076e-02 -1.60987094e-01
 -2.57632494e-01 -4.25286561e-01  2.47210320e-02 -3.76070082e-01
 -3.55792522e-01 -4.57025617e-01 -1.37257576e-01 -1.22001663e-01
  3.06185722e-01  2.77978718e-01  3.13292027e-01  3.05710465e-01
  1.83592305e-01 -1.15682885e-01  3.99149328e-01 -1.48174956e-01
  1.74338847e-01  4.54854429e-01  5.29257596e-01 -1.41784355e-01
 -5.79100773e-02  4.92617339e-02  3.25954139e-01 -4.88148630e-02
  3.11776740e-03  1.71353027e-01 -3.04019600e-01 -5.72446268e-03
  4.78297770e-01  8.87627378e-02  2.52501488e-01 -9.72800925e-02
  4.56949808e-02 -7.98371434e-02  2.54696846e-01  1.10601978e-02
 -1.07829057e-01 -1.88105814e-02  2.66621947e-01 -4.63212430e-02
 -6.49542451e-01  4.54863906e-03 -1.01714291e-01  3.13979238e-02
  3.42335291e-02 -5.74385464e-01 -6.28642961e-02 -8.92574415e-02
  1.82434782e-01  7.60295808e-01 -2.94010550e-01 -8.39891583e-02
 -2.74583727e-01  2.12519303e-01 -2.72659481e-01 -3.44008207e-01
  5.23736477e-01  1.96116522e-01 -2.64865547e-01 -3.60994399e-01
 -5.85409738e-02 -9.58011597e-02 -2.29206070e-01  3.40424687e-01
  2.62313783e-01  2.20807530e-02 -2.20354438e-01 -2.28985995e-01
 -1.51165307e-01 -1.08122244e-01  2.61139780e-01 -3.33967395e-02
 -2.12026775e-01  5.91092892e-02 -8.93475413e-02 -5.46872094e-02
  2.31257528e-01  1.20268866e-01  1.92830592e-01  6.55742511e-02
  5.00257075e-01  4.69903886e-01 -1.96643397e-01 -2.47523785e-01
 -2.89011210e-01 -2.06043318e-01 -6.57393456e-01 -2.52789855e-01
  2.67670929e-01 -1.43907620e-02 -2.79423147e-01 -3.78283978e-01
  1.86399579e-01 -3.04091126e-01 -8.05184484e-01 -5.49568295e-01
 -8.40679184e-02 -1.98824480e-01  7.93907642e-01  1.22819580e-01
 -3.09987128e-01 -3.20272446e-01 -2.40952149e-01  1.83767602e-01
 -1.67046621e-01 -3.72527927e-01 -4.01147127e-01 -1.04126520e-01
  1.68001294e-01  1.45607069e-01  9.95248482e-02  7.70685673e-02
  9.02593210e-02  3.77151161e-01 -2.90390968e-01 -1.97107479e-01
  4.23376448e-02 -2.07335800e-01  1.13972686e-01 -1.94886282e-01
 -2.71522999e-01 -2.05982417e-01 -6.44265935e-02 -3.21070582e-01
 -3.64770293e-01  4.12398309e-01 -1.99577063e-02  1.57429844e-01
  2.79284827e-02  1.19738959e-01  1.66964845e-03  2.99237311e-01
  1.33901060e-01  9.82184634e-02  4.76769283e-02 -1.40470386e-01
  1.81947306e-01 -4.60751019e-02  3.22889179e-01  6.48388863e-02
 -4.24580686e-02 -8.39724690e-02 -9.24493968e-02  1.37234768e-02
 -8.31720531e-02 -3.36452007e-01 -2.32871979e-01 -1.83585823e-01
 -1.30107313e-01  1.44761026e-01 -2.38575622e-01 -3.95464122e-01
 -7.95349479e-05 -2.27344967e-02 -3.75086784e-01  1.32731825e-01
  1.11362524e-01 -1.43107176e-01 -2.55441636e-01 -1.85697973e-01
  3.98164243e-01  2.47314826e-01 -2.28996396e-01 -2.35201046e-01
  6.23947620e-01  4.08976883e-01  9.20074806e-02  2.94662043e-02
  3.08655977e-01  5.89994639e-02 -1.33796841e-01 -1.00314490e-01
  2.96692960e-02  2.40728967e-02 -9.29561332e-02 -8.00568238e-02
  1.92173854e-01  8.77977610e-02  1.71195626e-01 -2.65968084e-01
  3.64882648e-02  3.69313896e-01 -6.25297800e-02 -3.17562580e-01
 -2.54966825e-01 -4.92993277e-03  1.97998315e-01  4.31204215e-02]
[-0.0667269  -0.12245572 -0.08572061  0.01382229 -0.51360863 -0.37456262
  0.04258904  0.04012649 -0.10180826 -0.02230388 -0.08273722  0.06161746
  0.09280422 -0.00511367  0.18161671 -0.05269758  0.21549375 -0.22495697
  0.38818464  0.35330883 -0.27130872 -0.05404333 -0.49282622 -0.07925633
  0.16298524 -0.03774399  0.03248319  0.4705422  -0.04485777  0.36131027
 -0.03994957  0.48683566 -0.22160093  0.03587144 -0.16894233  0.10741473
  0.18089032 -0.4020003   0.40281224 -0.16120341 -0.30864283  0.02178026
  0.06496695 -0.28971565  0.26239124  0.14035374  0.05504755 -0.47962087
  0.2323128   0.41962874  0.36807823 -0.14650165  0.00753721  0.03979187
 -0.38042083  0.25243598  0.05682124  0.34001184  0.16134192  0.33499426
  0.3813427  -0.00727586  0.1270557  -0.2356207  -0.438471   -0.162223
 -0.6212142   0.22471438 -0.02789826  0.23210254 -0.29869655  0.27132934
  0.09828623 -0.2851449  -0.20995487 -0.19296956  0.3249586   0.15415442
 -0.19322683  0.15266143  0.05476943  0.03839906 -0.58759207 -0.22437122
 -0.3128599  -0.03992065  0.16196533  0.07611948  0.36009395 -0.41574818
 -0.10648169 -0.32175124  0.11446775  0.1347998   0.11191089  0.3787463
  0.14677554 -0.26118785  0.0077683   0.10030489  0.009452   -0.25204992
 -0.23306416 -0.23405206  0.05140073 -0.10008865 -0.0576595   0.09839372
 -0.0018698   0.17943378  0.04698069 -0.06801696 -0.29897264 -0.16102897
 -0.33545005 -0.44088393  0.46360877 -0.2829054  -0.38463512 -0.231212
  0.49475062  0.24734582  0.01109714  0.47806197 -0.23989059  0.06396823
  0.02075251 -0.13449669  0.27209422  0.18847781  0.17213602  0.00319471
  0.00853767  0.17622271  0.00555409  0.34522867  0.24560739 -0.14249812
 -0.05686978  0.6240527   0.18193121  0.20775141  0.1732572  -0.02623349
  0.46737635  0.27773735  0.0099579  -0.26237342 -0.07609798  0.201677
  0.17472447  0.09262723 -0.00437423 -0.03913246 -0.3496886  -0.4617138
  0.10641991 -0.49023867 -0.45716953  0.0101902  -0.12349339 -0.10420998
 -0.3583124   0.01909618  0.40331268  0.05373887 -0.12131879 -0.01434006
  0.05717586 -0.03536504  0.1344658   0.09251005 -0.25269267  0.29152483
  0.2607224   0.4783879  -0.16710794 -0.09502181  0.41937557 -0.31246123
  0.21108593 -0.15684828 -0.08283212  0.08335213 -0.08852104 -0.05008531
 -0.19479938 -0.24453095  0.07907064  0.053867   -0.00923558  0.13324526
  0.08183727  0.07309172 -0.5122578  -0.265606    0.02244403  0.00564149
 -0.01453262 -0.23928097 -0.28456756  0.29392034 -0.10937807  0.01630501
  0.01968241 -0.2596984  -0.05203159 -0.20646545  0.37767613 -0.17564781
  0.522348    0.10978048 -0.07364456 -0.0688678  -0.10178468 -0.22481659
 -0.5490246  -0.24536414 -0.00686801  0.13012403  0.1376582   0.05210197
 -0.2451577   0.12088802  0.1418577  -0.02757525  0.14525656  0.15924938
  0.04737553 -0.064861   -0.11683566  0.02623255  0.15882806  0.22837771
 -0.10283094  0.22865707 -0.00994065  0.5005349  -0.13933885 -0.01527247
  0.40631485  0.14656825  0.2794224  -0.09936961 -0.17760593  0.09730696
 -0.10180844 -0.13405164  0.16785206  0.04369876 -0.1473284  -0.2228932
 -0.01096418 -0.23055536  0.13052545 -0.02951029 -0.50334054  0.01181798
  0.07099261 -0.24036634  0.11326007 -0.10706697  0.0303611  -0.0840299
 -0.31572393  0.01416365 -0.12637877  0.12695538 -0.01470391  0.11004306
 -0.25688398  0.18251333 -0.20169179  0.333438   -0.01243116 -0.52102864
  0.0596728   0.11067669  0.17076737 -0.30408278 -0.29946238 -0.18082142
  0.0593626   0.28225985 -0.0621415   0.2827397  -0.06452593 -0.05724779
 -0.21090785  0.2586011   0.3029398   0.16675226 -0.07487865  0.06614064
 -0.0686279   0.07042684 -0.1853624   0.21068472 -0.24202842 -0.22945753]
[-3.61869857e-02  5.74282669e-02 -2.83997923e-01  9.54296265e-04
 -1.33308589e-01 -2.51732796e-01  1.65779993e-01 -2.38704681e-02
  1.26866363e-02 -5.16384952e-02  2.31933198e-03 -1.00818194e-01
 -3.42188299e-01 -2.49424949e-02  1.93151295e-01 -5.78528345e-01
  1.12640388e-01  7.10109100e-02  1.51069045e-01 -2.09585018e-02
 -5.03311493e-02  3.79233807e-01 -2.19504476e-01  4.13761437e-02
 -2.58211583e-01 -5.76847017e-01 -1.48302928e-01 -2.42934108e-01
  1.94043905e-01  1.15544334e-01 -1.11970790e-01  1.33355692e-01
 -2.98259169e-01  3.37240368e-01  1.50760338e-02  2.92147547e-01
 -2.20654458e-01  1.46886021e-01 -3.18525732e-01 -1.93398938e-01
 -5.32541394e-01 -2.06420988e-01  2.84919720e-02  6.71258420e-02
  9.40277502e-02 -1.18460566e-01  1.52581856e-01 -9.78208929e-02
  3.39934416e-02 -2.57255852e-01  1.16862347e-02 -2.39563748e-01
  2.69462857e-02 -3.50593567e-01 -2.92736471e-01 -5.61529063e-02
  2.14215249e-01 -2.18800798e-01  1.16642855e-01 -1.02890812e-01
  4.91967946e-02  2.04058945e-01  2.58511096e-01 -1.13924615e-01
 -2.39266098e-01 -2.04824597e-01 -4.40496355e-02  2.09117040e-01
 -1.25581667e-01  2.07650006e-01 -7.74813369e-02  8.16164091e-02
  2.35487193e-01  1.75870836e-01 -2.39763483e-01  4.26132143e-01
  2.48664603e-01  3.18649113e-02 -3.30810428e-01  1.00839905e-01
  3.13469082e-01  1.75941393e-01  2.91383058e-01 -1.91195339e-01
  1.30294591e-01 -1.42774418e-01  6.57052174e-02  2.64061302e-01
 -1.34526372e-01 -6.47341385e-02  4.15216297e-01 -7.19729215e-02
  2.00416625e-01  1.47634760e-01 -9.16475579e-02  6.33274838e-02
 -3.31104785e-01  2.75864124e-01  1.23982891e-01 -6.22524396e-02
  1.21057160e-01  1.99449480e-01  6.03647754e-02 -1.36246189e-01
  2.72248715e-01  1.40298426e-01 -1.61535397e-01  3.04127097e-01
 -7.16198310e-02  2.91480333e-01 -3.78798574e-01  1.84340879e-01
 -1.50666252e-01 -1.04275189e-01 -3.67634863e-01 -1.37081206e-01
  4.17491868e-02 -1.49246320e-01 -3.08129758e-01 -1.64848957e-02
  1.16546683e-01  2.50237316e-01 -2.64079660e-01  6.24204755e-01
  4.97385077e-02 -1.04285263e-01 -1.19530000e-01 -1.67903215e-01
 -2.41953135e-01  3.86298954e-01 -3.65903750e-02  6.66858852e-02
 -1.42411795e-02  2.36448571e-01 -3.03251687e-02  9.79313105e-02
 -1.85771078e-01 -1.05784319e-01  2.85228103e-01  3.76075834e-01
 -1.37673214e-01  4.22576636e-01  3.79070155e-02 -1.81761801e-01
 -1.32781193e-01  1.48056716e-01 -1.79393595e-04 -2.40320802e-01
  5.82040735e-02  4.41310197e-01 -2.98794121e-01 -3.32207829e-02
 -4.83541965e-01  1.23883113e-01  2.17155218e-01 -3.83041710e-01
 -2.40432262e-01  1.01127982e-01  2.93210834e-01 -2.46296212e-01
  3.14399749e-01 -1.36999905e-01 -1.38909340e-01  1.05467122e-02
  2.22096503e-01  6.03759252e-02 -3.28351744e-02 -9.02498737e-02
  2.00034216e-01 -3.87043878e-02 -4.91528094e-01 -1.06172346e-01
 -1.02639124e-01  6.74651712e-02 -2.45145887e-01  1.37579024e-01
  1.65090799e-01 -1.50257856e-01 -2.71929111e-02 -2.37947568e-01
 -3.95786166e-01  2.85110235e-01  1.66650027e-01 -3.17351311e-01
 -1.20439366e-01  1.42910078e-01  2.39199549e-01 -1.07165255e-01
  1.84798524e-01  1.52520426e-02 -3.42990875e-01 -2.20170557e-01
  1.34556606e-01  2.06546381e-01 -2.34374002e-01  2.64344752e-01
 -2.74173945e-01 -1.76854536e-01 -6.50035441e-01  1.53471738e-01
  3.05509239e-01 -3.92649621e-01  8.24365020e-02 -3.05736184e-01
  2.31592610e-01 -1.34899855e-01 -2.88046859e-02  2.71330774e-01
 -1.87204883e-01 -3.26613694e-01  4.97014940e-01  4.56023850e-02
  4.53703701e-01 -1.35669932e-01  2.25943491e-01 -9.50882584e-02
  2.49080718e-01 -2.15718776e-01 -1.86375752e-01  1.40232787e-01
  4.46656734e-01  1.95393026e-01 -9.04035270e-02 -2.41052881e-02
 -5.84872842e-01 -1.24279648e-01 -9.67449546e-02 -1.01292565e-01
 -1.50254458e-01  7.81049952e-02 -3.17347534e-02  2.61009783e-01
 -4.15678173e-01  2.21095458e-01  1.60766974e-01  1.60590842e-01
  1.75122306e-01  1.55284062e-01  1.77213639e-01  2.69843135e-02
  2.53309071e-01 -3.17665249e-01 -1.47492280e-02 -4.67166096e-01
 -4.54148471e-01  2.41593659e-01  1.91784993e-01  2.43377358e-01
 -3.75714660e-01  4.56603438e-01  1.04772590e-01  7.86840320e-02
 -2.95895070e-01  3.98588896e-01  7.57696331e-02 -1.46196172e-01
  3.06284040e-01  1.75703801e-02  1.25715241e-01 -4.07183766e-01
  3.07203799e-01  2.47319072e-01 -2.16281377e-02 -2.52196252e-01
 -7.09283829e-01  4.50658816e-04 -1.13061562e-01 -2.98584491e-01
 -3.54021527e-02 -2.66121745e-01 -6.28400370e-02 -4.21091989e-02
  6.04962468e-01 -1.72356248e-01 -2.30868116e-01 -2.84882277e-01
 -3.21909301e-02  4.23690319e-01  6.42819181e-02  1.14669286e-01
 -3.30273360e-01  5.73576726e-02  3.52297485e-01 -3.73271555e-01
  2.82856703e-01  1.49229959e-01  4.93974358e-01  1.35991409e-01
 -3.02883852e-02  4.35648002e-02  2.41851315e-01  1.85139537e-01
 -9.62835457e-03  3.43745917e-01  2.40310892e-01 -2.37671286e-01
  5.04134037e-03  2.02079982e-01  2.33327746e-01 -1.03082851e-01]
